0.02 1
0.04 1
0.06 1
0.08 1
0.10 1
0.12 1
0.14 1
0.16 1
0.18 1
0.20 1
0.22 1
0.24 1
0.26 1
0.28 1
0.30 1
0.32 1
0.34 1
0.36 1
0.38 1
0.40 1
0.42 1
0.44 1
0.46 1
0.48 2
0.50 2
0.52 2
0.54 2
0.56 2
0.58 2
0.60 2
0.62 2
0.64 2
0.66 2
0.68 2
0.70 2
0.72 2
0.74 2
0.76 2
0.78 2
0.80 2
0.82 2
0.84 2
0.86 2
0.88 2
0.90 2
0.92 2
0.94 3
0.96 3
0.98 3
1.00 3
1.02 3
1.04 3
1.06 3
1.08 3
1.10 3
1.12 3
1.14 3
1.16 3
1.18 3
1.20 3
1.22 3
1.24 3
1.26 3
1.28 3
1.30 3
1.32 3
1.34 3
1.36 3
1.38 3
1.40 4
1.42 4
1.44 4
1.46 4
1.48 4
1.50 4
1.52 4
1.54 4
1.56 4
1.58 4
1.60 4
1.62 4
1.64 4
1.66 4
1.68 4
1.70 4
1.72 4
1.74 4
1.76 4
1.78 4
1.80 4
1.82 4
1.84 4
1.86 1
1.88 1
1.90 1
1.92 1
1.94 1
1.96 1
1.98 1
2.00 1
2.02 1
2.04 1
2.06 1
2.08 1
2.10 1
2.12 1
2.14 1
2.16 1
2.18 1
2.20 1
2.22 1
2.24 1
2.26 1
2.28 1
2.30 1
2.32 2
2.34 2
2.36 2
2.38 2
2.40 2
2.42 2
2.44 2
2.46 2
2.48 2
2.50 2
2.52 2
2.54 2
2.56 2
2.58 2
2.60 2
2.62 2
2.64 2
2.66 2
2.68 2
2.70 2
2.72 2
2.74 2
2.76 2
2.78 3
2.80 3
2.82 3
2.84 3
2.86 3
2.88 3
2.90 3
2.92 3
2.94 3
2.96 3
2.98 3
3.00 3
3.02 3
3.04 3
3.06 3
3.08 3
3.10 3
3.12 3
3.14 3
3.16 3
3.18 3
3.20 3
3.22 3
3.24 4
3.26 4
3.28 4
3.30 4
3.32 4
3.34 4
3.36 4
3.38 4
3.40 4
3.42 4
3.44 4
3.46 4
3.48 4
3.50 4
3.52 4
3.54 4
3.56 4
3.58 4
3.60 4
3.62 4
3.64 4
3.66 4
3.68 4
3.70 1
3.72 1
3.74 1
3.76 1
3.78 1
3.80 1
3.82 1
3.84 1
3.86 1
3.88 1
3.90 1
3.92 1
3.94 1
3.96 1
3.98 1
4.00 1
4.02 1
4.04 1
4.06 1
4.08 1
4.10 1
4.12 1
4.14 1
4.16 2
4.18 2
4.20 2
4.22 2
4.24 2
4.26 2
4.28 2
4.30 2
4.32 2
4.34 2
4.36 2
4.38 2
4.40 2
4.42 2
4.44 2
4.46 2
4.48 2
4.50 2
4.52 2
4.54 2
4.56 2
4.58 2
4.60 2
4.62 3
4.64 3
4.66 3
4.68 3
4.70 3
4.72 3
4.74 3
4.76 3
4.78 3
4.80 3
4.82 3
4.84 3
4.86 3
4.88 3
4.90 3
4.92 3
4.94 3
4.96 3
4.98 3
5.00 3
5.02 3
5.04 3
5.06 3
5.08 4
5.10 4
5.12 4
5.14 4
5.16 4
5.18 4
5.20 4
5.22 4
5.24 4
5.26 4
5.28 4
5.30 4
5.32 4
5.34 4
5.36 4
5.38 4
5.40 4
5.42 4
5.44 4
5.46 4
5.48 4
5.50 4
5.52 4
5.54 1
5.56 1
5.58 1
5.60 1
5.62 1
5.64 1
5.66 1
5.68 1
5.70 1
5.72 1
5.74 1
5.76 1
5.78 1
5.80 1
5.82 1
5.84 1
5.86 1
5.88 1
5.90 1
5.92 1
5.94 1
5.96 1
5.98 1
6.00 1
6.02 2
6.04 2
6.06 2
6.08 2
6.10 2
6.12 2
6.14 2
6.16 2
6.18 2
6.20 2
6.22 2
6.24 2
6.26 2
6.28 2
6.30 2
6.32 2
6.34 2
6.36 2
6.38 2
6.40 2
6.42 2
6.44 2
6.46 2
6.48 3
6.50 3
6.52 3
6.54 3
6.56 3
6.58 3
6.60 3
6.62 3
6.64 3
6.66 3
6.68 3
6.70 3
6.72 3
6.74 3
6.76 3
6.78 3
6.80 3
6.82 3
6.84 3
6.86 3
6.88 3
6.90 3
6.92 3
6.94 4
6.96 4
6.98 4
7.00 4
7.02 4
7.04 4
7.06 4
7.08 4
7.10 4
7.12 4
7.14 4
7.16 4
7.18 4
7.20 4
7.22 4
7.24 4
7.26 4
7.28 4
7.30 4
7.32 4
7.34 4
7.36 4
7.38 4
7.40 1
7.42 1
7.44 1
7.46 1
7.48 1
7.50 1
7.52 1
7.54 1
7.56 1
7.58 1
7.60 1
7.62 1
7.64 1
7.66 1
7.68 1
7.70 1
7.72 1
7.74 1
7.76 1
7.78 1
7.80 1
7.82 1
7.84 1
7.86 2
7.88 2
7.90 2
7.92 2
7.94 2
7.96 2
7.98 2
8.00 2
8.02 2
8.04 2
8.06 2
8.08 2
8.10 2
8.12 2
8.14 2
8.16 2
8.18 2
8.20 2
8.22 2
8.24 2
8.26 2
8.28 2
8.30 2
8.32 3
8.34 3
8.36 3
8.38 3
8.40 3
8.42 3
8.44 3
8.46 3
8.48 3
8.50 3
8.52 3
8.54 3
8.56 3
8.58 3
8.60 3
8.62 3
8.64 3
8.66 3
8.68 3
8.70 3
8.72 3
8.74 3
8.76 3
8.78 4
8.80 4
8.82 4
8.84 4
8.86 4
8.88 4
8.90 4
8.92 4
8.94 4
8.96 4
8.98 4
9.00 4
9.02 4
9.04 4
9.06 4
9.08 4
9.10 4
9.12 4
9.14 4
9.16 4
9.18 4
9.20 4
9.22 4
9.24 1
9.26 1
9.28 1
9.30 1
9.32 1
9.34 1
9.36 1
9.38 1
9.40 1
9.42 1
9.44 1
9.46 1
9.48 1
9.50 1
9.52 1
9.54 1
9.56 1
9.58 1
9.60 1
9.62 1
9.64 1
9.66 1
9.68 1
9.70 2
9.72 2
9.74 2
9.76 2
9.78 2
9.80 2
9.82 2
9.84 2
9.86 2
9.88 2
9.90 2
9.92 2
9.94 2
9.96 2
9.98 2
10.00 2
10.02 2
10.04 2
10.06 2
10.08 2
10.10 2
10.12 2
10.14 2
10.16 3
10.18 3
10.20 3
10.22 3
10.24 3
10.26 3
10.28 3
10.30 3
10.32 3
10.34 3
10.36 3
10.38 3
10.40 3
10.42 3
10.44 3
10.46 3
10.48 3
10.50 3
10.52 3
10.54 3
10.56 3
10.58 3
10.60 3
10.62 4
10.64 4
10.66 4
10.68 4
10.70 4
10.72 4
10.74 4
10.76 4
10.78 4
10.80 4
10.82 4
10.84 4
10.86 4
10.88 4
10.90 4
10.92 4
10.94 4
10.96 4
10.98 4
11.00 4
11.02 4
11.04 4
11.06 4
11.08 1
11.10 1
11.12 1
11.14 1
11.16 1
11.18 1
11.20 1
11.22 1
11.24 1
11.26 1
11.28 1
11.30 1
11.32 1
11.34 1
11.36 1
11.38 1
11.40 1
11.42 1
11.44 1
11.46 1
11.48 1
11.50 1
11.52 1
11.54 2
11.56 2
11.58 2
11.60 2
11.62 2
11.64 2
11.66 2
11.68 2
11.70 2
11.72 2
11.74 2
11.76 2
11.78 2
11.80 2
11.82 2
11.84 2
11.86 2
11.88 2
11.90 2
11.92 2
11.94 2
11.96 2
11.98 2
12.00 2
12.02 3
12.04 3
12.06 3
12.08 3
12.10 3
12.12 3
12.14 3
12.16 3
12.18 3
12.20 3
12.22 3
12.24 3
12.26 3
12.28 3
12.30 3
12.32 3
12.34 3
12.36 3
12.38 3
12.40 3
12.42 3
12.44 3
12.46 3
12.48 4
12.50 4
12.52 4
12.54 4
12.56 4
12.58 4
12.60 4
12.62 4
12.64 4
12.66 4
12.68 4
12.70 4
12.72 4
12.74 4
12.76 4
12.78 4
12.80 4
12.82 4
12.84 4
12.86 4
12.88 4
12.90 4
12.92 4
12.94 1
12.96 1
12.98 1
13.00 1
13.02 1
13.04 1
13.06 1
13.08 1
13.10 1
13.12 1
13.14 1
13.16 1
13.18 1
13.20 1
13.22 1
13.24 1
13.26 1
13.28 1
13.30 1
13.32 1
13.34 1
13.36 1
13.38 1
13.40 2
13.42 2
13.44 2
13.46 2
13.48 2
13.50 2
13.52 2
13.54 2
13.56 2
13.58 2
13.60 2
13.62 2
13.64 2
13.66 2
13.68 2
13.70 2
13.72 2
13.74 2
13.76 2
13.78 2
13.80 2
13.82 2
13.84 2
13.86 3
13.88 3
13.90 3
13.92 3
13.94 3
13.96 3
13.98 3
14.00 3
14.02 3
14.04 3
14.06 3
14.08 3
14.10 3
14.12 3
14.14 3
14.16 3
14.18 3
14.20 3
14.22 3
14.24 3
14.26 3
14.28 3
14.30 3
14.32 4
14.34 4
14.36 4
14.38 4
14.40 4
14.42 4
14.44 4
14.46 4
14.48 4
14.50 4
14.52 4
14.54 4
14.56 4
14.58 4
14.60 4
14.62 4
14.64 4
14.66 4
14.68 4
14.70 4
14.72 4
14.74 4
14.76 4
14.78 1
14.80 1
14.82 1
14.84 1
14.86 1
14.88 1
14.90 1
14.92 1
14.94 1
14.96 1
14.98 1
15.00 1
15.02 1
15.04 1
15.06 1
15.08 1
15.10 1
15.12 1
15.14 1
15.16 1
15.18 1
15.20 1
15.22 1
15.24 2
15.26 2
15.28 2
15.30 2
15.32 2
15.34 2
15.36 2
15.38 2
15.40 2
15.42 2
15.44 2
15.46 2
15.48 2
15.50 2
15.52 2
15.54 2
15.56 2
15.58 2
15.60 2
15.62 2
15.64 2
15.66 2
15.68 2
15.70 3
15.72 3
15.74 3
15.76 3
15.78 3
15.80 3
15.82 3
15.84 3
15.86 3
15.88 3
15.90 3
15.92 3
15.94 3
15.96 3
15.98 3
16.00 3
16.02 3
16.04 3
16.06 3
16.08 3
16.10 3
16.12 3
16.14 3
16.16 4
16.18 4
16.20 4
16.22 4
16.24 4
16.26 4
16.28 4
16.30 4
16.32 4
16.34 4
16.36 4
16.38 4
16.40 4
16.42 4
16.44 4
16.46 4
16.48 4
16.50 4
16.52 4
16.54 4
16.56 4
16.58 4
16.60 4
16.62 1
16.64 1
16.66 1
16.68 1
16.70 1
16.72 1
16.74 1
16.76 1
16.78 1
16.80 1
16.82 1
16.84 1
16.86 1
16.88 1
16.90 1
16.92 1
16.94 1
16.96 1
16.98 1
17.00 1
17.02 1
17.04 1
17.06 1
17.08 2
17.10 2
17.12 2
17.14 2
17.16 2
17.18 2
17.20 2
17.22 2
17.24 2
17.26 2
17.28 2
17.30 2
17.32 2
17.34 2
17.36 2
17.38 2
17.40 2
17.42 2
17.44 2
17.46 2
17.48 2
17.50 2
17.52 2
17.54 3
17.56 3
17.58 3
17.60 3
17.62 3
17.64 3
17.66 3
17.68 3
17.70 3
17.72 3
17.74 3
17.76 3
17.78 3
17.80 3
17.82 3
17.84 3
17.86 3
17.88 3
17.90 3
17.92 3
17.94 3
17.96 3
17.98 3
18.00 3
18.02 4
18.04 4
18.06 4
18.08 4
18.10 4
18.12 4
18.14 4
18.16 4
18.18 4
18.20 4
18.22 4
18.24 4
18.26 4
18.28 4
18.30 4
18.32 4
18.34 4
18.36 4
18.38 4
18.40 4
18.42 4
18.44 4
18.46 4
18.48 1
18.50 1
18.52 1
18.54 1
18.56 1
18.58 1
18.60 1
18.62 1
18.64 1
18.66 1
18.68 1
18.70 1
18.72 1
18.74 1
18.76 1
18.78 1
18.80 1
18.82 1
18.84 1
18.86 1
18.88 1
18.90 1
18.92 1
18.94 2
18.96 2
18.98 2
19.00 2
19.02 2
19.04 2
19.06 2
19.08 2
19.10 2
19.12 2
19.14 2
19.16 2
19.18 2
19.20 2
19.22 2
19.24 2
19.26 2
19.28 2
19.30 2
19.32 2
19.34 2
19.36 2
19.38 2
19.40 3
19.42 3
19.44 3
19.46 3
19.48 3
19.50 3
19.52 3
19.54 3
19.56 3
19.58 3
19.60 3
19.62 3
19.64 3
19.66 3
19.68 3
19.70 3
19.72 3
19.74 3
19.76 3
19.78 3
19.80 3
19.82 3
19.84 3
19.86 4
19.88 4
19.90 4
19.92 4
19.94 4
19.96 4
19.98 4
20.00 4
20.02 4
20.04 4
20.06 4
20.08 4
20.10 4
20.12 4
20.14 4
20.16 4
20.18 4
20.20 4
20.22 4
20.24 4
20.26 4
20.28 4
20.30 4
20.32 1
20.34 1
20.36 1
20.38 1
20.40 1
20.42 1
20.44 1
20.46 1
20.48 1
20.50 1
20.52 1
20.54 1
20.56 1
20.58 1
20.60 1
20.62 1
20.64 1
20.66 1
20.68 1
20.70 1
20.72 1
20.74 1
20.76 1
20.78 2
20.80 2
20.82 2
20.84 2
20.86 2
20.88 2
20.90 2
20.92 2
20.94 2
20.96 2
20.98 2
21.00 2
21.02 2
21.04 2
21.06 2
21.08 2
21.10 2
21.12 2
21.14 2
21.16 2
21.18 2
21.20 2
21.22 2
21.24 3
21.26 3
21.28 3
21.30 3
21.32 3
21.34 3
21.36 3
21.38 3
21.40 3
21.42 3
21.44 3
21.46 3
21.48 3
21.50 3
21.52 3
21.54 3
21.56 3
21.58 3
21.60 3
21.62 3
21.64 3
21.66 3
21.68 3
21.70 4
21.72 4
21.74 4
21.76 4
21.78 4
21.80 4
21.82 4
21.84 4
21.86 4
21.88 4
21.90 4
21.92 4
21.94 4
21.96 4
21.98 4
22.00 4
22.02 4
22.04 4
22.06 4
22.08 4
22.10 4
22.12 4
22.14 4
22.16 1
22.18 1
22.20 1
22.22 1
22.24 1
22.26 1
22.28 1
22.30 1
22.32 1
22.34 1
22.36 1
22.38 1
22.40 1
22.42 1
22.44 1
22.46 1
22.48 1
22.50 1
22.52 1
22.54 1
22.56 1
22.58 1
22.60 1
22.62 2
22.64 2
22.66 2
22.68 2
22.70 2
22.72 2
22.74 2
22.76 2
22.78 2
22.80 2
22.82 2
22.84 2
22.86 2
22.88 2
22.90 2
22.92 2
22.94 2
22.96 2
22.98 2
23.00 2
23.02 2
23.04 2
23.06 2
23.08 3
23.10 3
23.12 3
23.14 3
23.16 3
23.18 3
23.20 3
23.22 3
23.24 3
23.26 3
23.28 3
23.30 3
23.32 3
23.34 3
23.36 3
23.38 3
23.40 3
23.42 3
23.44 3
23.46 3
23.48 3
23.50 3
23.52 3
23.54 4
23.56 4
23.58 4
23.60 4
23.62 4
23.64 4
23.66 4
23.68 4
23.70 4
23.72 4
23.74 4
23.76 4
23.78 4
23.80 4
23.82 4
23.84 4
23.86 4
23.88 4
23.90 4
23.92 4
23.94 4
23.96 4
23.98 4
24.00 4
24.02 1
24.04 1
24.06 1
24.08 1
24.10 1
24.12 1
24.14 1
24.16 1
24.18 1
24.20 1
24.22 1
24.24 1
24.26 1
24.28 1
24.30 1
24.32 1
24.34 1
24.36 1
24.38 1
24.40 1
24.42 1
24.44 1
24.46 1
24.48 2
24.50 2
24.52 2
24.54 2
24.56 2
24.58 2
24.60 2
24.62 2
24.64 2
24.66 2
24.68 2
24.70 2
24.72 2
24.74 2
24.76 2
24.78 2
24.80 2
24.82 2
24.84 2
24.86 2
24.88 2
24.90 2
24.92 2
24.94 3
24.96 3
24.98 3
25.00 3
25.02 3
25.04 3
25.06 3
25.08 3
25.10 3
25.12 3
25.14 3
25.16 3
25.18 3
25.20 3
25.22 3
25.24 3
25.26 3
25.28 3
25.30 3
25.32 3
25.34 3
25.36 3
25.38 3
25.40 4
25.42 4
25.44 4
25.46 4
25.48 4
25.50 4
25.52 4
25.54 4
25.56 4
25.58 4
25.60 4
25.62 4
25.64 4
25.66 4
25.68 4
25.70 4
25.72 4
25.74 4
25.76 4
25.78 4
25.80 4
25.82 4
25.84 4
25.86 1
25.88 1
25.90 1
25.92 1
25.94 1
25.96 1
25.98 1
26.00 1
26.02 1
26.04 1
26.06 1
26.08 1
26.10 1
26.12 1
26.14 1
26.16 1
26.18 1
26.20 1
26.22 1
26.24 1
26.26 1
26.28 1
26.30 1
26.32 2
26.34 2
26.36 2
26.38 2
26.40 2
26.42 2
26.44 2
26.46 2
26.48 2
26.50 2
26.52 2
26.54 2
26.56 2
26.58 2
26.60 2
26.62 2
26.64 2
26.66 2
26.68 2
26.70 2
26.72 2
26.74 2
26.76 2
26.78 3
26.80 3
26.82 3
26.84 3
26.86 3
26.88 3
26.90 3
26.92 3
26.94 3
26.96 3
26.98 3
27.00 3
27.02 3
27.04 3
27.06 3
27.08 3
27.10 3
27.12 3
27.14 3
27.16 3
27.18 3
27.20 3
27.22 3
27.24 4
27.26 4
27.28 4
27.30 4
27.32 4
27.34 4
27.36 4
27.38 4
27.40 4
27.42 4
27.44 4
27.46 4
27.48 4
27.50 4
27.52 4
27.54 4
27.56 4
27.58 4
27.60 4
27.62 4
27.64 4
27.66 4
27.68 4
27.70 1
27.72 1
27.74 1
27.76 1
27.78 1
27.80 1
27.82 1
27.84 1
27.86 1
27.88 1
27.90 1
27.92 1
27.94 1
27.96 1
27.98 1
28.00 1
28.02 1
28.04 1
28.06 1
28.08 1
28.10 1
28.12 1
28.14 1
28.16 2
28.18 2
28.20 2
28.22 2
28.24 2
28.26 2
28.28 2
28.30 2
28.32 2
28.34 2
28.36 2
28.38 2
28.40 2
28.42 2
28.44 2
28.46 2
28.48 2
28.50 2
28.52 2
28.54 2
28.56 2
28.58 2
28.60 2
28.62 3
28.64 3
28.66 3
28.68 3
28.70 3
28.72 3
28.74 3
28.76 3
28.78 3
28.80 3
28.82 3
28.84 3
28.86 3
28.88 3
28.90 3
28.92 3
28.94 3
28.96 3
28.98 3
29.00 3
29.02 3
29.04 3
29.06 3
29.08 4
29.10 4
29.12 4
29.14 4
29.16 4
29.18 4
29.20 4
29.22 4
29.24 4
29.26 4
29.28 4
29.30 4
29.32 4
29.34 4
29.36 4
29.38 4
29.40 4
29.42 4
29.44 4
29.46 4
29.48 4
29.50 4
29.52 4
29.54 1
29.56 1
29.58 1
29.60 1
29.62 1
29.64 1
29.66 1
29.68 1
29.70 1
29.72 1
29.74 1
29.76 1
29.78 1
29.80 1
29.82 1
29.84 1
29.86 1
29.88 1
29.90 1
29.92 1
29.94 1
29.96 1
29.98 1
30.00 1
30.02 2
30.04 2
30.06 2
30.08 2
30.10 2
30.12 2
30.14 2
30.16 2
30.18 2
30.20 2
30.22 2
30.24 2
30.26 2
30.28 2
30.30 2
30.32 2
30.34 2
30.36 2
30.38 2
30.40 2
30.42 2
30.44 2
30.46 2
30.48 3
30.50 3
30.52 3
30.54 3
30.56 3
30.58 3
30.60 3
30.62 3
30.64 3
30.66 3
30.68 3
30.70 3
30.72 3
30.74 3
30.76 3
30.78 3
30.80 3
30.82 3
30.84 3
30.86 3
30.88 3
30.90 3
30.92 3
30.94 4
30.96 4
30.98 4
31.00 4
31.02 4
31.04 4
31.06 4
31.08 4
31.10 4
31.12 4
31.14 4
31.16 4
31.18 4
31.20 4
31.22 4
31.24 4
31.26 4
31.28 4
31.30 4
31.32 4
31.34 4
31.36 4
31.38 4
31.40 1
31.42 1
31.44 1
31.46 1
31.48 1
31.50 1
31.52 1
31.54 1
31.56 1
31.58 1
31.60 1
31.62 1
31.64 1
31.66 1
31.68 1
31.70 1
31.72 1
31.74 1
31.76 1
31.78 1
31.80 1
31.82 1
31.84 1
31.86 2
31.88 2
31.90 2
31.92 2
31.94 2
31.96 2
31.98 2
32.00 2
32.02 2
32.04 2
32.06 2
32.08 2
32.10 2
32.12 2
32.14 2
32.16 2
32.18 2
32.20 2
32.22 2
32.24 2
32.26 2
32.28 2
32.30 2
32.32 3
32.34 3
32.36 3
32.38 3
32.40 3
32.42 3
32.44 3
32.46 3
32.48 3
32.50 3
32.52 3
32.54 3
32.56 3
32.58 3
32.60 3
32.62 3
32.64 3
32.66 3
32.68 3
32.70 3
32.72 3
32.74 3
32.76 3
32.78 4
32.80 4
32.82 4
32.84 4
32.86 4
32.88 4
32.90 4
32.92 4
32.94 4
32.96 4
32.98 4
33.00 4
33.02 4
33.04 4
33.06 4
33.08 4
33.10 4
33.12 4
33.14 4
33.16 4
33.18 4
33.20 4
33.22 4
33.24 1
33.26 1
33.28 1
33.30 1
33.32 1
33.34 1
33.36 1
33.38 1
33.40 1
33.42 1
33.44 1
33.46 1
33.48 1
33.50 1
33.52 1
33.54 1
33.56 1
33.58 1
33.60 1
33.62 1
33.64 1
33.66 1
33.68 1
33.70 2
33.72 2
33.74 2
33.76 2
33.78 2
33.80 2
33.82 2
33.84 2
33.86 2
33.88 2
33.90 2
33.92 2
33.94 2
33.96 2
33.98 2
34.00 2
34.02 2
34.04 2
34.06 2
34.08 2
34.10 2
34.12 2
34.14 2
34.16 3
34.18 3
34.20 3
34.22 3
34.24 3
34.26 3
34.28 3
34.30 3
34.32 3
34.34 3
34.36 3
34.38 3
34.40 3
34.42 3
34.44 3
34.46 3
34.48 3
34.50 3
34.52 3
34.54 3
34.56 3
34.58 3
34.60 3
34.62 4
34.64 4
34.66 4
34.68 4
34.70 4
34.72 4
34.74 4
34.76 4
34.78 4
34.80 4
34.82 4
34.84 4
34.86 4
34.88 4
34.90 4
34.92 4
34.94 4
34.96 4
34.98 4
35.00 4
35.02 4
35.04 4
35.06 4
35.08 1
35.10 1
35.12 1
35.14 1
35.16 1
35.18 1
35.20 1
35.22 1
35.24 1
35.26 1
35.28 1
35.30 1
35.32 1
35.34 1
35.36 1
35.38 1
35.40 1
35.42 1
35.44 1
35.46 1
35.48 1
35.50 1
35.52 1
35.54 2
35.56 2
35.58 2
35.60 2
35.62 2
35.64 2
35.66 2
35.68 2
35.70 2
35.72 2
35.74 2
35.76 2
35.78 2
35.80 2
35.82 2
35.84 2
35.86 2
35.88 2
35.90 2
35.92 2
35.94 2
35.96 2
35.98 2
36.00 3
36.02 3
36.04 3
36.06 3
36.08 3
36.10 3
36.12 3
36.14 3
36.16 3
36.18 3
36.20 3
36.22 3
36.24 3
36.26 3
36.28 3
36.30 3
36.32 3
36.34 3
36.36 3
36.38 3
36.40 3
36.42 3
36.44 3
36.46 3
36.48 4
36.50 4
36.52 4
36.54 4
36.56 4
36.58 4
36.60 4
36.62 4
36.64 4
36.66 4
36.68 4
36.70 4
36.72 4
36.74 4
36.76 4
36.78 4
36.80 4
36.82 4
36.84 4
36.86 4
36.88 4
36.90 4
36.92 4
36.94 1
36.96 1
36.98 1
37.00 1
37.02 1
37.04 1
37.06 1
37.08 1
37.10 1
37.12 1
37.14 1
37.16 1
37.18 1
37.20 1
37.22 1
37.24 1
37.26 1
37.28 1
37.30 1
37.32 1
37.34 1
37.36 1
37.38 1
37.40 2
37.42 2
37.44 2
37.46 2
37.48 2
37.50 2
37.52 2
37.54 2
37.56 2
37.58 2
37.60 2
37.62 2
37.64 2
37.66 2
37.68 2
37.70 2
37.72 2
37.74 2
37.76 2
37.78 2
37.80 2
37.82 2
37.84 2
37.86 3
37.88 3
37.90 3
37.92 3
37.94 3
37.96 3
37.98 3
38.00 3
38.02 3
38.04 3
38.06 3
38.08 3
38.10 3
38.12 3
38.14 3
38.16 3
38.18 3
38.20 3
38.22 3
38.24 3
38.26 3
38.28 3
38.30 3
38.32 4
38.34 4
38.36 4
38.38 4
38.40 4
38.42 4
38.44 4
38.46 4
38.48 4
38.50 4
38.52 4
38.54 4
38.56 4
38.58 4
38.60 4
38.62 4
38.64 4
38.66 4
38.68 4
38.70 4
38.72 4
38.74 4
38.76 4
38.78 1
38.80 1
38.82 1
38.84 1
38.86 1
38.88 1
38.90 1
38.92 1
38.94 1
38.96 1
38.98 1
39.00 1
39.02 1
39.04 1
39.06 1
39.08 1
39.10 1
39.12 1
39.14 1
39.16 1
39.18 1
39.20 1
39.22 1
39.24 2
39.26 2
39.28 2
39.30 2
39.32 2
39.34 2
39.36 2
39.38 2
39.40 2
39.42 2
39.44 2
39.46 2
39.48 2
39.50 2
39.52 2
39.54 2
39.56 2
39.58 2
39.60 2
39.62 2
39.64 2
39.66 2
39.68 2
39.70 3
39.72 3
39.74 3
39.76 3
39.78 3
39.80 3
39.82 3
39.84 3
39.86 3
39.88 3
39.90 3
39.92 3
39.94 3
39.96 3
39.98 3
40.00 3
40.02 3
40.04 3
40.06 3
40.08 3
40.10 3
40.12 3
40.14 3
40.16 4
40.18 4
40.20 4
40.22 4
40.24 4
40.26 4
40.28 4
40.30 4
40.32 4
40.34 4
40.36 4
40.38 4
40.40 4
40.42 4
40.44 4
40.46 4
40.48 4
40.50 4
40.52 4
40.54 4
40.56 4
40.58 4
40.60 4
40.62 1
40.64 1
40.66 1
40.68 1
40.70 1
40.72 1
40.74 1
40.76 1
40.78 1
40.80 1
40.82 1
40.84 1
40.86 1
40.88 1
40.90 1
40.92 1
40.94 1
40.96 1
40.98 1
41.00 1
41.02 1
41.04 1
41.06 1
41.08 2
41.10 2
41.12 2
41.14 2
41.16 2
41.18 2
41.20 2
41.22 2
41.24 2
41.26 2
41.28 2
41.30 2
41.32 2
41.34 2
41.36 2
41.38 2
41.40 2
41.42 2
41.44 2
41.46 2
41.48 2
41.50 2
41.52 2
41.54 3
41.56 3
41.58 3
41.60 3
41.62 3
41.64 3
41.66 3
41.68 3
41.70 3
41.72 3
41.74 3
41.76 3
41.78 3
41.80 3
41.82 3
41.84 3
41.86 3
41.88 3
41.90 3
41.92 3
41.94 3
41.96 3
41.98 3
42.00 4
42.02 4
42.04 4
42.06 4
42.08 4
42.10 4
42.12 4
42.14 4
42.16 4
42.18 4
42.20 4
42.22 4
42.24 4
42.26 4
42.28 4
42.30 4
42.32 4
42.34 4
42.36 4
42.38 4
42.40 4
42.42 4
42.44 4
42.46 4
42.48 1
42.50 1
42.52 1
42.54 1
42.56 1
42.58 1
42.60 1
42.62 1
42.64 1
42.66 1
42.68 1
42.70 1
42.72 1
42.74 1
42.76 1
42.78 1
42.80 1
42.82 1
42.84 1
42.86 1
42.88 1
42.90 1
42.92 1
42.94 2
42.96 2
42.98 2
43.00 2
43.02 2
43.04 2
43.06 2
43.08 2
43.10 2
43.12 2
43.14 2
43.16 2
43.18 2
43.20 2
43.22 2
43.24 2
43.26 2
43.28 2
43.30 2
43.32 2
43.34 2
43.36 2
43.38 2
43.40 3
43.42 3
43.44 3
43.46 3
43.48 3
43.50 3
43.52 3
43.54 3
43.56 3
43.58 3
43.60 3
43.62 3
43.64 3
43.66 3
43.68 3
43.70 3
43.72 3
43.74 3
43.76 3
43.78 3
43.80 3
43.82 3
43.84 3
43.86 4
43.88 4
43.90 4
43.92 4
43.94 4
43.96 4
43.98 4
44.00 4
44.02 4
44.04 4
44.06 4
44.08 4
44.10 4
44.12 4
44.14 4
44.16 4
44.18 4
44.20 4
44.22 4
44.24 4
44.26 4
44.28 4
44.30 4
44.32 1
44.34 1
44.36 1
44.38 1
44.40 1
44.42 1
44.44 1
44.46 1
44.48 1
44.50 1
44.52 1
44.54 1
44.56 1
44.58 1
44.60 1
44.62 1
44.64 1
44.66 1
44.68 1
44.70 1
44.72 1
44.74 1
44.76 1
44.78 2
44.80 2
44.82 2
44.84 2
44.86 2
44.88 2
44.90 2
44.92 2
44.94 2
44.96 2
44.98 2
45.00 2
45.02 2
45.04 2
45.06 2
45.08 2
45.10 2
45.12 2
45.14 2
45.16 2
45.18 2
45.20 2
45.22 2
45.24 3
45.26 3
45.28 3
45.30 3
45.32 3
45.34 3
45.36 3
45.38 3
45.40 3
45.42 3
45.44 3
45.46 3
45.48 3
45.50 3
45.52 3
45.54 3
45.56 3
45.58 3
45.60 3
45.62 3
45.64 3
45.66 3
45.68 3
45.70 4
45.72 4
45.74 4
45.76 4
45.78 4
45.80 4
45.82 4
45.84 4
45.86 4
45.88 4
45.90 4
45.92 4
45.94 4
45.96 4
45.98 4
46.00 4
46.02 4
46.04 4
46.06 4
46.08 4
46.10 4
46.12 4
46.14 4
46.16 1
46.18 1
46.20 1
46.22 1
46.24 1
46.26 1
46.28 1
46.30 1
46.32 1
46.34 1
46.36 1
46.38 1
46.40 1
46.42 1
46.44 1
46.46 1
46.48 1
46.50 1
46.52 1
46.54 1
46.56 1
46.58 1
46.60 1
46.62 2
46.64 2
46.66 2
46.68 2
46.70 2
46.72 2
46.74 2
46.76 2
46.78 2
46.80 2
46.82 2
46.84 2
46.86 2
46.88 2
46.90 2
46.92 2
46.94 2
46.96 2
46.98 2
47.00 2
47.02 2
47.04 2
47.06 2
47.08 3
47.10 3
47.12 3
47.14 3
47.16 3
47.18 3
47.20 3
47.22 3
47.24 3
47.26 3
47.28 3
47.30 3
47.32 3
47.34 3
47.36 3
47.38 3
47.40 3
47.42 3
47.44 3
47.46 3
47.48 3
47.50 3
47.52 3
47.54 4
47.56 4
47.58 4
47.60 4
47.62 4
47.64 4
47.66 4
47.68 4
47.70 4
47.72 4
47.74 4
47.76 4
47.78 4
47.80 4
47.82 4
47.84 4
47.86 4
47.88 4
47.90 4
47.92 4
47.94 4
47.96 4
47.98 4
48.00 1
48.02 1
48.04 1
48.06 1
48.08 1
48.10 1
48.12 1
48.14 1
48.16 1
48.18 1
48.20 1
48.22 1
48.24 1
48.26 1
48.28 1
48.30 1
48.32 1
48.34 1
48.36 1
48.38 1
48.40 1
48.42 1
48.44 1
48.46 1
48.48 2
48.50 2
48.52 2
48.54 2
48.56 2
48.58 2
48.60 2
48.62 2
48.64 2
48.66 2
48.68 2
48.70 2
48.72 2
48.74 2
48.76 2
48.78 2
48.80 2
48.82 2
48.84 2
48.86 2
48.88 2
48.90 2
48.92 2
48.94 3
48.96 3
48.98 3
49.00 3
49.02 3
49.04 3
49.06 3
49.08 3
49.10 3
49.12 3
49.14 3
49.16 3
49.18 3
49.20 3
49.22 3
49.24 3
49.26 3
49.28 3
49.30 3
49.32 3
49.34 3
49.36 3
49.38 3
49.40 4
49.42 4
49.44 4
49.46 4
49.48 4
49.50 4
49.52 4
49.54 4
49.56 4
49.58 4
49.60 4
49.62 4
49.64 4
49.66 4
49.68 4
49.70 4
49.72 4
49.74 4
49.76 4
49.78 4
49.80 4
49.82 4
49.84 4
49.86 1
49.88 1
49.90 1
49.92 1
49.94 1
49.96 1
49.98 1
50.00 1
50.02 1
50.04 1
50.06 1
50.08 1
50.10 1
50.12 1
50.14 1
50.16 1
50.18 1
50.20 1
50.22 1
50.24 1
50.26 1
50.28 1
50.30 1
50.32 2
50.34 2
50.36 2
50.38 2
50.40 2
50.42 2
50.44 2
50.46 2
50.48 2
50.50 2
50.52 2
50.54 2
50.56 2
50.58 2
50.60 2
50.62 2
50.64 2
50.66 2
50.68 2
50.70 2
50.72 2
50.74 2
50.76 2
50.78 3
50.80 3
50.82 3
50.84 3
50.86 3
50.88 3
50.90 3
50.92 3
50.94 3
50.96 3
50.98 3
51.00 3
51.02 3
51.04 3
51.06 3
51.08 3
51.10 3
51.12 3
51.14 3
51.16 3
51.18 3
51.20 3
51.22 3
51.24 4
51.26 4
51.28 4
51.30 4
51.32 4
51.34 4
51.36 4
51.38 4
51.40 4
51.42 4
51.44 4
51.46 4
51.48 4
51.50 4
51.52 4
51.54 4
51.56 4
51.58 4
51.60 4
51.62 4
51.64 4
51.66 4
51.68 4
51.70 1
51.72 1
51.74 1
51.76 1
51.78 1
51.80 1
51.82 1
51.84 1
51.86 1
51.88 1
51.90 1
51.92 1
51.94 1
51.96 1
51.98 1
52.00 1
52.02 1
52.04 1
52.06 1
52.08 1
52.10 1
52.12 1
52.14 1
52.16 2
52.18 2
52.20 2
52.22 2
52.24 2
52.26 2
52.28 2
52.30 2
52.32 2
52.34 2
52.36 2
52.38 2
52.40 2
52.42 2
52.44 2
52.46 2
52.48 2
52.50 2
52.52 2
52.54 2
52.56 2
52.58 2
52.60 2
52.62 3
52.64 3
52.66 3
52.68 3
52.70 3
52.72 3
52.74 3
52.76 3
52.78 3
52.80 3
52.82 3
52.84 3
52.86 3
52.88 3
52.90 3
52.92 3
52.94 3
52.96 3
52.98 3
53.00 3
53.02 3
53.04 3
53.06 3
53.08 4
53.10 4
53.12 4
53.14 4
53.16 4
53.18 4
53.20 4
53.22 4
53.24 4
53.26 4
53.28 4
53.30 4
53.32 4
53.34 4
53.36 4
53.38 4
53.40 4
53.42 4
53.44 4
53.46 4
53.48 4
53.50 4
53.52 4
53.54 1
53.56 1
53.58 1
53.60 1
53.62 1
53.64 1
53.66 1
53.68 1
53.70 1
53.72 1
53.74 1
53.76 1
53.78 1
53.80 1
53.82 1
53.84 1
53.86 1
53.88 1
53.90 1
53.92 1
53.94 1
53.96 1
53.98 1
54.00 2
54.02 2
54.04 2
54.06 2
54.08 2
54.10 2
54.12 2
54.14 2
54.16 2
54.18 2
54.20 2
54.22 2
54.24 2
54.26 2
54.28 2
54.30 2
54.32 2
54.34 2
54.36 2
54.38 2
54.40 2
54.42 2
54.44 2
54.46 2
54.48 3
54.50 3
54.52 3
54.54 3
54.56 3
54.58 3
54.60 3
54.62 3
54.64 3
54.66 3
54.68 3
54.70 3
54.72 3
54.74 3
54.76 3
54.78 3
54.80 3
54.82 3
54.84 3
54.86 3
54.88 3
54.90 3
54.92 3
54.94 4
54.96 4
54.98 4
55.00 4
55.02 4
55.04 4
55.06 4
55.08 4
55.10 4
55.12 4
55.14 4
55.16 4
55.18 4
55.20 4
55.22 4
55.24 4
55.26 4
55.28 4
55.30 4
55.32 4
55.34 4
55.36 4
55.38 4
55.40 1
55.42 1
55.44 1
55.46 1
55.48 1
55.50 1
55.52 1
55.54 1
55.56 1
55.58 1
55.60 1
55.62 1
55.64 1
55.66 1
55.68 1
55.70 1
55.72 1
55.74 1
55.76 1
55.78 1
55.80 1
55.82 1
55.84 1
55.86 2
55.88 2
55.90 2
55.92 2
55.94 2
55.96 2
55.98 2
56.00 2
56.02 2
56.04 2
56.06 2
56.08 2
56.10 2
56.12 2
56.14 2
56.16 2
56.18 2
56.20 2
56.22 2
56.24 2
56.26 2
56.28 2
56.30 2
56.32 3
56.34 3
56.36 3
56.38 3
56.40 3
56.42 3
56.44 3
56.46 3
56.48 3
56.50 3
56.52 3
56.54 3
56.56 3
56.58 3
56.60 3
56.62 3
56.64 3
56.66 3
56.68 3
56.70 3
56.72 3
56.74 3
56.76 3
56.78 4
56.80 4
56.82 4
56.84 4
56.86 4
56.88 4
56.90 4
56.92 4
56.94 4
56.96 4
56.98 4
57.00 4
57.02 4
57.04 4
57.06 4
57.08 4
57.10 4
57.12 4
57.14 4
57.16 4
57.18 4
57.20 4
57.22 4
57.24 1
57.26 1
57.28 1
57.30 1
57.32 1
57.34 1
57.36 1
57.38 1
57.40 1
57.42 1
57.44 1
57.46 1
57.48 1
57.50 1
57.52 1
57.54 1
57.56 1
57.58 1
57.60 1
57.62 1
57.64 1
57.66 1
57.68 1
57.70 2
57.72 2
57.74 2
57.76 2
57.78 2
57.80 2
57.82 2
57.84 2
57.86 2
57.88 2
57.90 2
57.92 2
57.94 2
57.96 2
57.98 2
58.00 2
58.02 2
58.04 2
58.06 2
58.08 2
58.10 2
58.12 2
58.14 2
58.16 3
58.18 3
58.20 3
58.22 3
58.24 3
58.26 3
58.28 3
58.30 3
58.32 3
58.34 3
58.36 3
58.38 3
58.40 3
58.42 3
58.44 3
58.46 3
58.48 3
58.50 3
58.52 3
58.54 3
58.56 3
58.58 3
58.60 3
58.62 4
58.64 4
58.66 4
58.68 4
58.70 4
58.72 4
58.74 4
58.76 4
58.78 4
58.80 4
58.82 4
58.84 4
58.86 4
58.88 4
58.90 4
58.92 4
58.94 4
58.96 4
58.98 4
59.00 4
59.02 4
59.04 4
59.06 4
59.08 1
59.10 1
59.12 1
59.14 1
59.16 1
59.18 1
59.20 1
59.22 1
59.24 1
59.26 1
59.28 1
59.30 1
59.32 1
59.34 1
59.36 1
59.38 1
59.40 1
59.42 1
59.44 1
59.46 1
59.48 1
59.50 1
59.52 1
59.54 2
59.56 2
59.58 2
59.60 2
59.62 2
59.64 2
59.66 2
59.68 2
59.70 2
59.72 2
59.74 2
59.76 2
59.78 2
59.80 2
59.82 2
59.84 2
59.86 2
59.88 2
59.90 2
59.92 2
59.94 2
59.96 2
59.98 2
60.00 3
60.02 3
60.04 3
60.06 3
60.08 3
60.10 3
60.12 3
60.14 3
60.16 3
60.18 3
60.20 3
60.22 3
60.24 3
60.26 3
60.28 3
60.30 3
60.32 3
60.34 3
60.36 3
60.38 3
60.40 3
60.42 3
60.44 3
60.46 3
60.48 4
60.50 4
60.52 4
60.54 4
60.56 4
60.58 4
60.60 4
60.62 4
60.64 4
60.66 4
60.68 4
60.70 4
60.72 4
60.74 4
60.76 4
60.78 4
60.80 4
60.82 4
60.84 4
60.86 4
60.88 4
60.90 4
60.92 4
60.94 1
60.96 1
60.98 1
61.00 1
61.02 1
61.04 1
61.06 1
61.08 1
61.10 1
61.12 1
61.14 1
61.16 1
61.18 1
61.20 1
61.22 1
61.24 1
61.26 1
61.28 1
61.30 1
61.32 1
61.34 1
61.36 1
61.38 1
61.40 2
61.42 2
61.44 2
61.46 2
61.48 2
61.50 2
61.52 2
61.54 2
61.56 2
61.58 2
61.60 2
61.62 2
61.64 2
61.66 2
61.68 2
61.70 2
61.72 2
61.74 2
61.76 2
61.78 2
61.80 2
61.82 2
61.84 2
61.86 3
61.88 3
61.90 3
61.92 3
61.94 3
61.96 3
61.98 3
62.00 3
62.02 3
62.04 3
62.06 3
62.08 3
62.10 3
62.12 3
62.14 3
62.16 3
62.18 3
62.20 3
62.22 3
62.24 3
62.26 3
62.28 3
62.30 3
62.32 4
62.34 4
62.36 4
62.38 4
62.40 4
62.42 4
62.44 4
62.46 4
62.48 4
62.50 4
62.52 4
62.54 4
62.56 4
62.58 4
62.60 4
62.62 4
62.64 4
62.66 4
62.68 4
62.70 4
62.72 4
62.74 4
62.76 4
62.78 1
62.80 1
62.82 1
62.84 1
62.86 1
62.88 1
62.90 1
62.92 1
62.94 1
62.96 1
62.98 1
63.00 1
63.02 1
63.04 1
63.06 1
63.08 1
63.10 1
63.12 1
63.14 1
63.16 1
63.18 1
63.20 1
63.22 1
63.24 2
63.26 2
63.28 2
63.30 2
63.32 2
63.34 2
63.36 2
63.38 2
63.40 2
63.42 2
63.44 2
63.46 2
63.48 2
63.50 2
63.52 2
63.54 2
63.56 2
63.58 2
63.60 2
63.62 2
63.64 2
63.66 2
63.68 2
63.70 3
63.72 3
63.74 3
63.76 3
63.78 3
63.80 3
63.82 3
63.84 3
63.86 3
63.88 3
63.90 3
63.92 3
63.94 3
63.96 3
63.98 3
64.00 3
64.02 3
64.04 3
64.06 3
64.08 3
64.10 3
64.12 3
64.14 3
64.16 4
64.18 4
64.20 4
64.22 4
64.24 4
64.26 4
64.28 4
64.30 4
64.32 4
64.34 4
64.36 4
64.38 4
64.40 4
64.42 4
64.44 4
64.46 4
64.48 4
64.50 4
64.52 4
64.54 4
64.56 4
64.58 4
64.60 4
64.62 1
64.64 1
64.66 1
64.68 1
64.70 1
64.72 1
64.74 1
64.76 1
64.78 1
64.80 1
64.82 1
64.84 1
64.86 1
64.88 1
64.90 1
64.92 1
64.94 1
64.96 1
64.98 1
65.00 1
65.02 1
65.04 1
65.06 1
65.08 2
65.10 2
65.12 2
65.14 2
65.16 2
65.18 2
65.20 2
65.22 2
65.24 2
65.26 2
65.28 2
65.30 2
65.32 2
65.34 2
65.36 2
65.38 2
65.40 2
65.42 2
65.44 2
65.46 2
65.48 2
65.50 2
65.52 2
65.54 3
65.56 3
65.58 3
65.60 3
65.62 3
65.64 3
65.66 3
65.68 3
65.70 3
65.72 3
65.74 3
65.76 3
65.78 3
65.80 3
65.82 3
65.84 3
65.86 3
65.88 3
65.90 3
65.92 3
65.94 3
65.96 3
65.98 3
66.00 4
66.02 4
66.04 4
66.06 4
66.08 4
66.10 4
66.12 4
66.14 4
66.16 4
66.18 4
66.20 4
66.22 4
66.24 4
66.26 4
66.28 4
66.30 4
66.32 4
66.34 4
66.36 4
66.38 4
66.40 4
66.42 4
66.44 4
66.46 4
66.48 1
66.50 1
66.52 1
66.54 1
66.56 1
66.58 1
66.60 1
66.62 1
66.64 1
66.66 1
66.68 1
66.70 1
66.72 1
66.74 1
66.76 1
66.78 1
66.80 1
66.82 1
66.84 1
66.86 1
66.88 1
66.90 1
66.92 1
66.94 2
66.96 2
66.98 2
67.00 2
67.02 2
67.04 2
67.06 2
67.08 2
67.10 2
67.12 2
67.14 2
67.16 2
67.18 2
67.20 2
67.22 2
67.24 2
67.26 2
67.28 2
67.30 2
67.32 2
67.34 2
67.36 2
67.38 2
67.40 3
67.42 3
67.44 3
67.46 3
67.48 3
67.50 3
67.52 3
67.54 3
67.56 3
67.58 3
67.60 3
67.62 3
67.64 3
67.66 3
67.68 3
67.70 3
67.72 3
67.74 3
67.76 3
67.78 3
67.80 3
67.82 3
67.84 3
67.86 4
67.88 4
67.90 4
67.92 4
67.94 4
67.96 4
67.98 4
68.00 4
68.02 4
68.04 4
68.06 4
68.08 4
68.10 4
68.12 4
68.14 4
68.16 4
68.18 4
68.20 4
68.22 4
68.24 4
68.26 4
68.28 4
68.30 4
68.32 1
68.34 1
68.36 1
68.38 1
68.40 1
68.42 1
68.44 1
68.46 1
68.48 1
68.50 1
68.52 1
68.54 1
68.56 1
68.58 1
68.60 1
68.62 1
68.64 1
68.66 1
68.68 1
68.70 1
68.72 1
68.74 1
68.76 1
68.78 2
68.80 2
68.82 2
68.84 2
68.86 2
68.88 2
68.90 2
68.92 2
68.94 2
68.96 2
68.98 2
69.00 2
69.02 2
69.04 2
69.06 2
69.08 2
69.10 2
69.12 2
69.14 2
69.16 2
69.18 2
69.20 2
69.22 2
69.24 3
69.26 3
69.28 3
69.30 3
69.32 3
69.34 3
69.36 3
69.38 3
69.40 3
69.42 3
69.44 3
69.46 3
69.48 3
69.50 3
69.52 3
69.54 3
69.56 3
69.58 3
69.60 3
69.62 3
69.64 3
69.66 3
69.68 3
69.70 4
69.72 4
69.74 4
69.76 4
69.78 4
69.80 4
69.82 4
69.84 4
69.86 4
69.88 4
69.90 4
69.92 4
69.94 4
69.96 4
69.98 4
70.00 4
70.02 4
70.04 4
70.06 4
70.08 4
70.10 4
70.12 4
70.14 4
70.16 1
70.18 1
70.20 1
70.22 1
70.24 1
70.26 1
70.28 1
70.30 1
70.32 1
70.34 1
70.36 1
70.38 1
70.40 1
70.42 1
70.44 1
70.46 1
70.48 1
70.50 1
70.52 1
70.54 1
70.56 1
70.58 1
70.60 1
70.62 2
70.64 2
70.66 2
70.68 2
70.70 2
70.72 2
70.74 2
70.76 2
70.78 2
70.80 2
70.82 2
70.84 2
70.86 2
70.88 2
70.90 2
70.92 2
70.94 2
70.96 2
70.98 2
71.00 2
71.02 2
71.04 2
71.06 2
71.08 3
71.10 3
71.12 3
71.14 3
71.16 3
71.18 3
71.20 3
71.22 3
71.24 3
71.26 3
71.28 3
71.30 3
71.32 3
71.34 3
71.36 3
71.38 3
71.40 3
71.42 3
71.44 3
71.46 3
71.48 3
71.50 3
71.52 3
71.54 4
71.56 4
71.58 4
71.60 4
71.62 4
71.64 4
71.66 4
71.68 4
71.70 4
71.72 4
71.74 4
71.76 4
71.78 4
71.80 4
71.82 4
71.84 4
71.86 4
71.88 4
71.90 4
71.92 4
71.94 4
71.96 4
71.98 4
72.00 1
72.02 1
72.04 1
72.06 1
72.08 1
72.10 1
72.12 1
72.14 1
72.16 1
72.18 1
72.20 1
72.22 1
72.24 1
72.26 1
72.28 1
72.30 1
72.32 1
72.34 1
72.36 1
72.38 1
72.40 1
72.42 1
72.44 1
72.46 1
72.48 2
72.50 2
72.52 2
72.54 2
72.56 2
72.58 2
72.60 2
72.62 2
72.64 2
72.66 2
72.68 2
72.70 2
72.72 2
72.74 2
72.76 2
72.78 2
72.80 2
72.82 2
72.84 2
72.86 2
72.88 2
72.90 2
72.92 2
72.94 3
72.96 3
72.98 3
73.00 3
73.02 3
73.04 3
73.06 3
73.08 3
73.10 3
73.12 3
73.14 3
73.16 3
73.18 3
73.20 3
73.22 3
73.24 3
73.26 3
73.28 3
73.30 3
73.32 3
73.34 3
73.36 3
73.38 3
73.40 4
73.42 4
73.44 4
73.46 4
73.48 4
73.50 4
73.52 4
73.54 4
73.56 4
73.58 4
73.60 4
73.62 4
73.64 4
73.66 4
73.68 4
73.70 4
73.72 4
73.74 4
73.76 4
73.78 4
73.80 4
73.82 4
73.84 4
73.86 1
73.88 1
73.90 1
73.92 1
73.94 1
73.96 1
73.98 1
74.00 1
74.02 1
74.04 1
74.06 1
74.08 1
74.10 1
74.12 1
74.14 1
74.16 1
74.18 1
74.20 1
74.22 1
74.24 1
74.26 1
74.28 1
74.30 1
74.32 2
74.34 2
74.36 2
74.38 2
74.40 2
74.42 2
74.44 2
74.46 2
74.48 2
74.50 2
74.52 2
74.54 2
74.56 2
74.58 2
74.60 2
74.62 2
74.64 2
74.66 2
74.68 2
74.70 2
74.72 2
74.74 2
74.76 2
74.78 3
74.80 3
74.82 3
74.84 3
74.86 3
74.88 3
74.90 3
74.92 3
74.94 3
74.96 3
74.98 3
75.00 3
75.02 3
75.04 3
75.06 3
75.08 3
75.10 3
75.12 3
75.14 3
75.16 3
75.18 3
75.20 3
75.22 3
75.24 4
75.26 4
75.28 4
75.30 4
75.32 4
75.34 4
75.36 4
75.38 4
75.40 4
75.42 4
75.44 4
75.46 4
75.48 4
75.50 4
75.52 4
75.54 4
75.56 4
75.58 4
75.60 4
75.62 4
75.64 4
75.66 4
75.68 4
75.70 1
75.72 1
75.74 1
75.76 1
75.78 1
75.80 1
75.82 1
75.84 1
75.86 1
75.88 1
75.90 1
75.92 1
75.94 1
75.96 1
75.98 1
76.00 1
76.02 1
76.04 1
76.06 1
76.08 1
76.10 1
76.12 1
76.14 1
76.16 2
76.18 2
76.20 2
76.22 2
76.24 2
76.26 2
76.28 2
76.30 2
76.32 2
76.34 2
76.36 2
76.38 2
76.40 2
76.42 2
76.44 2
76.46 2
76.48 2
76.50 2
76.52 2
76.54 2
76.56 2
76.58 2
76.60 2
76.62 3
76.64 3
76.66 3
76.68 3
76.70 3
76.72 3
76.74 3
76.76 3
76.78 3
76.80 3
76.82 3
76.84 3
76.86 3
76.88 3
76.90 3
76.92 3
76.94 3
76.96 3
76.98 3
77.00 3
77.02 3
77.04 3
77.06 3
77.08 4
77.10 4
77.12 4
77.14 4
77.16 4
77.18 4
77.20 4
77.22 4
77.24 4
77.26 4
77.28 4
77.30 4
77.32 4
77.34 4
77.36 4
77.38 4
77.40 4
77.42 4
77.44 4
77.46 4
77.48 4
77.50 4
77.52 4
77.54 1
77.56 1
77.58 1
77.60 1
77.62 1
77.64 1
77.66 1
77.68 1
77.70 1
77.72 1
77.74 1
77.76 1
77.78 1
77.80 1
77.82 1
77.84 1
77.86 1
77.88 1
77.90 1
77.92 1
77.94 1
77.96 1
77.98 1
78.00 2
78.02 2
78.04 2
78.06 2
78.08 2
78.10 2
78.12 2
78.14 2
78.16 2
78.18 2
78.20 2
78.22 2
78.24 2
78.26 2
78.28 2
78.30 2
78.32 2
78.34 2
78.36 2
78.38 2
78.40 2
78.42 2
78.44 2
78.46 2
78.48 3
78.50 3
78.52 3
78.54 3
78.56 3
78.58 3
78.60 3
78.62 3
78.64 3
78.66 3
78.68 3
78.70 3
78.72 3
78.74 3
78.76 3
78.78 3
78.80 3
78.82 3
78.84 3
78.86 3
78.88 3
78.90 3
78.92 3
78.94 4
78.96 4
78.98 4
79.00 4
79.02 4
79.04 4
79.06 4
79.08 4
79.10 4
79.12 4
79.14 4
79.16 4
79.18 4
79.20 4
79.22 4
79.24 4
79.26 4
79.28 4
79.30 4
79.32 4
79.34 4
79.36 4
79.38 4
79.40 1
79.42 1
79.44 1
79.46 1
79.48 1
79.50 1
79.52 1
79.54 1
79.56 1
79.58 1
79.60 1
79.62 1
79.64 1
79.66 1
79.68 1
79.70 1
79.72 1
79.74 1
79.76 1
79.78 1
79.80 1
79.82 1
79.84 1
79.86 2
79.88 2
79.90 2
79.92 2
79.94 2
79.96 2
79.98 2
80.00 2
80.02 2
80.04 2
80.06 2
80.08 2
80.10 2
80.12 2
80.14 2
80.16 2
80.18 2
80.20 2
80.22 2
80.24 2
80.26 2
80.28 2
80.30 2
80.32 3
80.34 3
80.36 3
80.38 3
80.40 3
80.42 3
80.44 3
80.46 3
80.48 3
80.50 3
80.52 3
80.54 3
80.56 3
80.58 3
80.60 3
80.62 3
80.64 3
80.66 3
80.68 3
80.70 3
80.72 3
80.74 3
80.76 3
80.78 4
80.80 4
80.82 4
80.84 4
80.86 4
80.88 4
80.90 4
80.92 4
80.94 4
80.96 4
80.98 4
81.00 4
81.02 4
81.04 4
81.06 4
81.08 4
81.10 4
81.12 4
81.14 4
81.16 4
81.18 4
81.20 4
81.22 4
81.24 1
81.26 1
81.28 1
81.30 1
81.32 1
81.34 1
81.36 1
81.38 1
81.40 1
81.42 1
81.44 1
81.46 1
81.48 1
81.50 1
81.52 1
81.54 1
81.56 1
81.58 1
81.60 1
81.62 1
81.64 1
81.66 1
81.68 1
81.70 2
81.72 2
81.74 2
81.76 2
81.78 2
81.80 2
81.82 2
81.84 2
81.86 2
81.88 2
81.90 2
81.92 2
81.94 2
81.96 2
81.98 2
82.00 2
82.02 2
82.04 2
82.06 2
82.08 2
82.10 2
82.12 2
82.14 2
82.16 3
82.18 3
82.20 3
82.22 3
82.24 3
82.26 3
82.28 3
82.30 3
82.32 3
82.34 3
82.36 3
82.38 3
82.40 3
82.42 3
82.44 3
82.46 3
82.48 3
82.50 3
82.52 3
82.54 3
82.56 3
82.58 3
82.60 3
82.62 4
82.64 4
82.66 4
82.68 4
82.70 4
82.72 4
82.74 4
82.76 4
82.78 4
82.80 4
82.82 4
82.84 4
82.86 4
82.88 4
82.90 4
82.92 4
82.94 4
82.96 4
82.98 4
83.00 4
83.02 4
83.04 4
83.06 4
83.08 1
83.10 1
83.12 1
83.14 1
83.16 1
83.18 1
83.20 1
83.22 1
83.24 1
83.26 1
83.28 1
83.30 1
83.32 1
83.34 1
83.36 1
83.38 1
83.40 1
83.42 1
83.44 1
83.46 1
83.48 1
83.50 1
83.52 1
83.54 2
83.56 2
83.58 2
83.60 2
83.62 2
83.64 2
83.66 2
83.68 2
83.70 2
83.72 2
83.74 2
83.76 2
83.78 2
83.80 2
83.82 2
83.84 2
83.86 2
83.88 2
83.90 2
83.92 2
83.94 2
83.96 2
83.98 2
84.00 3
84.02 3
84.04 3
84.06 3
84.08 3
84.10 3
84.12 3
84.14 3
84.16 3
84.18 3
84.20 3
84.22 3
84.24 3
84.26 3
84.28 3
84.30 3
84.32 3
84.34 3
84.36 3
84.38 3
84.40 3
84.42 3
84.44 3
84.46 3
84.48 4
84.50 4
84.52 4
84.54 4
84.56 4
84.58 4
84.60 4
84.62 4
84.64 4
84.66 4
84.68 4
84.70 4
84.72 4
84.74 4
84.76 4
84.78 4
84.80 4
84.82 4
84.84 4
84.86 4
84.88 4
84.90 4
84.92 4
84.94 1
84.96 1
84.98 1
85.00 1
85.02 1
85.04 1
85.06 1
85.08 1
85.10 1
85.12 1
85.14 1
85.16 1
85.18 1
85.20 1
85.22 1
85.24 1
85.26 1
85.28 1
85.30 1
85.32 1
85.34 1
85.36 1
85.38 1
85.40 2
85.42 2
85.44 2
85.46 2
85.48 2
85.50 2
85.52 2
85.54 2
85.56 2
85.58 2
85.60 2
85.62 2
85.64 2
85.66 2
85.68 2
85.70 2
85.72 2
85.74 2
85.76 2
85.78 2
85.80 2
85.82 2
85.84 2
85.86 3
85.88 3
85.90 3
85.92 3
85.94 3
85.96 3
85.98 3
86.00 3
86.02 3
86.04 3
86.06 3
86.08 3
86.10 3
86.12 3
86.14 3
86.16 3
86.18 3
86.20 3
86.22 3
86.24 3
86.26 3
86.28 3
86.30 3
86.32 4
86.34 4
86.36 4
86.38 4
86.40 4
86.42 4
86.44 4
86.46 4
86.48 4
86.50 4
86.52 4
86.54 4
86.56 4
86.58 4
86.60 4
86.62 4
86.64 4
86.66 4
86.68 4
86.70 4
86.72 4
86.74 4
86.76 4
86.78 1
86.80 1
86.82 1
86.84 1
86.86 1
86.88 1
86.90 1
86.92 1
86.94 1
86.96 1
86.98 1
87.00 1
87.02 1
87.04 1
87.06 1
87.08 1
87.10 1
87.12 1
87.14 1
87.16 1
87.18 1
87.20 1
87.22 1
87.24 2
87.26 2
87.28 2
87.30 2
87.32 2
87.34 2
87.36 2
87.38 2
87.40 2
87.42 2
87.44 2
87.46 2
87.48 2
87.50 2
87.52 2
87.54 2
87.56 2
87.58 2
87.60 2
87.62 2
87.64 2
87.66 2
87.68 2
87.70 3
87.72 3
87.74 3
87.76 3
87.78 3
87.80 3
87.82 3
87.84 3
87.86 3
87.88 3
87.90 3
87.92 3
87.94 3
87.96 3
87.98 3
88.00 3
88.02 3
88.04 3
88.06 3
88.08 3
88.10 3
88.12 3
88.14 3
88.16 4
88.18 4
88.20 4
88.22 4
88.24 4
88.26 4
88.28 4
88.30 4
88.32 4
88.34 4
88.36 4
88.38 4
88.40 4
88.42 4
88.44 4
88.46 4
88.48 4
88.50 4
88.52 4
88.54 4
88.56 4
88.58 4
88.60 4
88.62 1
88.64 1
88.66 1
88.68 1
88.70 1
88.72 1
88.74 1
88.76 1
88.78 1
88.80 1
88.82 1
88.84 1
88.86 1
88.88 1
88.90 1
88.92 1
88.94 1
88.96 1
88.98 1
89.00 1
89.02 1
89.04 1
89.06 1
89.08 2
89.10 2
89.12 2
89.14 2
89.16 2
89.18 2
89.20 2
89.22 2
89.24 2
89.26 2
89.28 2
89.30 2
89.32 2
89.34 2
89.36 2
89.38 2
89.40 2
89.42 2
89.44 2
89.46 2
89.48 2
89.50 2
89.52 2
89.54 3
89.56 3
89.58 3
89.60 3
89.62 3
89.64 3
89.66 3
89.68 3
89.70 3
89.72 3
89.74 3
89.76 3
89.78 3
89.80 3
89.82 3
89.84 3
89.86 3
89.88 3
89.90 3
89.92 3
89.94 3
89.96 3
89.98 3
90.00 3
90.02 4
90.04 4
90.06 4
90.08 4
90.10 4
90.12 4
90.14 4
90.16 4
90.18 4
90.20 4
90.22 4
90.24 4
90.26 4
90.28 4
90.30 4
90.32 4
90.34 4
90.36 4
90.38 4
90.40 4
90.42 4
90.44 4
90.46 4
90.48 1
90.50 1
90.52 1
90.54 1
90.56 1
90.58 1
90.60 1
90.62 1
90.64 1
90.66 1
90.68 1
90.70 1
90.72 1
90.74 1
90.76 1
90.78 1
90.80 1
90.82 1
90.84 1
90.86 1
90.88 1
90.90 1
90.92 1
90.94 2
90.96 2
90.98 2
91.00 2
91.02 2
91.04 2
91.06 2
91.08 2
91.10 2
91.12 2
91.14 2
91.16 2
91.18 2
91.20 2
91.22 2
91.24 2
91.26 2
91.28 2
91.30 2
91.32 2
91.34 2
91.36 2
91.38 2
91.40 3
91.42 3
91.44 3
91.46 3
91.48 3
91.50 3
91.52 3
91.54 3
91.56 3
91.58 3
91.60 3
91.62 3
91.64 3
91.66 3
91.68 3
91.70 3
91.72 3
91.74 3
91.76 3
91.78 3
91.80 3
91.82 3
91.84 3
91.86 4
91.88 4
91.90 4
91.92 4
91.94 4
91.96 4
91.98 4
92.00 4
92.02 4
92.04 4
92.06 4
92.08 4
92.10 4
92.12 4
92.14 4
92.16 4
92.18 4
92.20 4
92.22 4
92.24 4
92.26 4
92.28 4
92.30 4
92.32 1
92.34 1
92.36 1
92.38 1
92.40 1
92.42 1
92.44 1
92.46 1
92.48 1
92.50 1
92.52 1
92.54 1
92.56 1
92.58 1
92.60 1
92.62 1
92.64 1
92.66 1
92.68 1
92.70 1
92.72 1
92.74 1
92.76 1
92.78 2
92.80 2
92.82 2
92.84 2
92.86 2
92.88 2
92.90 2
92.92 2
92.94 2
92.96 2
92.98 2
93.00 2
93.02 2
93.04 2
93.06 2
93.08 2
93.10 2
93.12 2
93.14 2
93.16 2
93.18 2
93.20 2
93.22 2
93.24 3
93.26 3
93.28 3
93.30 3
93.32 3
93.34 3
93.36 3
93.38 3
93.40 3
93.42 3
93.44 3
93.46 3
93.48 3
93.50 3
93.52 3
93.54 3
93.56 3
93.58 3
93.60 3
93.62 3
93.64 3
93.66 3
93.68 3
93.70 4
93.72 4
93.74 4
93.76 4
93.78 4
93.80 4
93.82 4
93.84 4
93.86 4
93.88 4
93.90 4
93.92 4
93.94 4
93.96 4
93.98 4
94.00 4
94.02 4
94.04 4
94.06 4
94.08 4
94.10 4
94.12 4
94.14 4
94.16 1
94.18 1
94.20 1
94.22 1
94.24 1
94.26 1
94.28 1
94.30 1
94.32 1
94.34 1
94.36 1
94.38 1
94.40 1
94.42 1
94.44 1
94.46 1
94.48 1
94.50 1
94.52 1
94.54 1
94.56 1
94.58 1
94.60 1
94.62 2
94.64 2
94.66 2
94.68 2
94.70 2
94.72 2
94.74 2
94.76 2
94.78 2
94.80 2
94.82 2
94.84 2
94.86 2
94.88 2
94.90 2
94.92 2
94.94 2
94.96 2
94.98 2
95.00 2
95.02 2
95.04 2
95.06 2
95.08 3
95.10 3
95.12 3
95.14 3
95.16 3
95.18 3
95.20 3
95.22 3
95.24 3
95.26 3
95.28 3
95.30 3
95.32 3
95.34 3
95.36 3
95.38 3
95.40 3
95.42 3
95.44 3
95.46 3
95.48 3
95.50 3
95.52 3
95.54 4
95.56 4
95.58 4
95.60 4
95.62 4
95.64 4
95.66 4
95.68 4
95.70 4
95.72 4
95.74 4
95.76 4
95.78 4
95.80 4
95.82 4
95.84 4
95.86 4
95.88 4
95.90 4
95.92 4
95.94 4
95.96 4
95.98 4
96.00 4
96.02 1
96.04 1
96.06 1
96.08 1
96.10 1
96.12 1
96.14 1
96.16 1
96.18 1
96.20 1
96.22 1
96.24 1
96.26 1
96.28 1
96.30 1
96.32 1
96.34 1
96.36 1
96.38 1
96.40 1
96.42 1
96.44 1
96.46 1
96.48 2
96.50 2
96.52 2
96.54 2
96.56 2
96.58 2
96.60 2
96.62 2
96.64 2
96.66 2
96.68 2
96.70 2
96.72 2
96.74 2
96.76 2
96.78 2
96.80 2
96.82 2
96.84 2
96.86 2
96.88 2
96.90 2
96.92 2
96.94 3
96.96 3
96.98 3
97.00 3
97.02 3
97.04 3
97.06 3
97.08 3
97.10 3
97.12 3
97.14 3
97.16 3
97.18 3
97.20 3
97.22 3
97.24 3
97.26 3
97.28 3
97.30 3
97.32 3
97.34 3
97.36 3
97.38 3
97.40 4
97.42 4
97.44 4
97.46 4
97.48 4
97.50 4
97.52 4
97.54 4
97.56 4
97.58 4
97.60 4
97.62 4
97.64 4
97.66 4
97.68 4
97.70 4
97.72 4
97.74 4
97.76 4
97.78 4
97.80 4
97.82 4
97.84 4
97.86 1
97.88 1
97.90 1
97.92 1
97.94 1
97.96 1
97.98 1
98.00 1
98.02 1
98.04 1
98.06 1
98.08 1
98.10 1
98.12 1
98.14 1
98.16 1
98.18 1
98.20 1
98.22 1
98.24 1
98.26 1
98.28 1
98.30 1
98.32 2
98.34 2
98.36 2
98.38 2
98.40 2
98.42 2
98.44 2
98.46 2
98.48 2
98.50 2
98.52 2
98.54 2
98.56 2
98.58 2
98.60 2
98.62 2
98.64 2
98.66 2
98.68 2
98.70 2
98.72 2
98.74 2
98.76 2
98.78 3
98.80 3
98.82 3
98.84 3
98.86 3
98.88 3
98.90 3
98.92 3
98.94 3
98.96 3
98.98 3
99.00 3
99.02 3
99.04 3
99.06 3
99.08 3
99.10 3
99.12 3
99.14 3
99.16 3
99.18 3
99.20 3
99.22 3
99.24 4
99.26 4
99.28 4
99.30 4
99.32 4
99.34 4
99.36 4
99.38 4
99.40 4
99.42 4
99.44 4
99.46 4
99.48 4
99.50 4
99.52 4
99.54 4
99.56 4
99.58 4
99.60 4
99.62 4
99.64 4
99.66 4
99.68 4
99.70 1
99.72 1
99.74 1
99.76 1
99.78 1
99.80 1
99.82 1
99.84 1
99.86 1
99.88 1
99.90 1
99.92 1
99.94 1
99.96 1
99.98 1
100.00 1
100.02 1
100.04 1
100.06 1
100.08 1
100.10 1
100.12 1
100.14 1
100.16 2
100.18 2
100.20 2
100.22 2
100.24 2
100.26 2
100.28 2
100.30 2
100.32 2
100.34 2
100.36 2
100.38 2
100.40 2
100.42 2
100.44 2
100.46 2
100.48 2
100.50 2
100.52 2
100.54 2
100.56 2
100.58 2
100.60 2
100.62 3
100.64 3
100.66 3
100.68 3
100.70 3
100.72 3
100.74 3
100.76 3
100.78 3
100.80 3
100.82 3
100.84 3
100.86 3
100.88 3
100.90 3
100.92 3
100.94 3
100.96 3
100.98 3
101.00 3
101.02 3
101.04 3
101.06 3
101.08 4
101.10 4
101.12 4
101.14 4
101.16 4
101.18 4
101.20 4
101.22 4
101.24 4
101.26 4
101.28 4
101.30 4
101.32 4
101.34 4
101.36 4
101.38 4
101.40 4
101.42 4
101.44 4
101.46 4
101.48 4
101.50 4
101.52 4
101.54 1
101.56 1
101.58 1
101.60 1
101.62 1
101.64 1
101.66 1
101.68 1
101.70 1
101.72 1
101.74 1
101.76 1
101.78 1
101.80 1
101.82 1
101.84 1
101.86 1
101.88 1
101.90 1
101.92 1
101.94 1
101.96 1
101.98 1
102.00 1
102.02 2
102.04 2
102.06 2
102.08 2
102.10 2
102.12 2
102.14 2
102.16 2
102.18 2
102.20 2
102.22 2
102.24 2
102.26 2
102.28 2
102.30 2
102.32 2
102.34 2
102.36 2
102.38 2
102.40 2
102.42 2
102.44 2
102.46 2
102.48 3
102.50 3
102.52 3
102.54 3
102.56 3
102.58 3
102.60 3
102.62 3
102.64 3
102.66 3
102.68 3
102.70 3
102.72 3
102.74 3
102.76 3
102.78 3
102.80 3
102.82 3
102.84 3
102.86 3
102.88 3
102.90 3
102.92 3
102.94 4
102.96 4
102.98 4
103.00 4
103.02 4
103.04 4
103.06 4
103.08 4
103.10 4
103.12 4
103.14 4
103.16 4
103.18 4
103.20 4
103.22 4
103.24 4
103.26 4
103.28 4
103.30 4
103.32 4
103.34 4
103.36 4
103.38 4
103.40 1
103.42 1
103.44 1
103.46 1
103.48 1
103.50 1
103.52 1
103.54 1
103.56 1
103.58 1
103.60 1
103.62 1
103.64 1
103.66 1
103.68 1
103.70 1
103.72 1
103.74 1
103.76 1
103.78 1
103.80 1
103.82 1
103.84 1
103.86 2
103.88 2
103.90 2
103.92 2
103.94 2
103.96 2
103.98 2
104.00 2
104.02 2
104.04 2
104.06 2
104.08 2
104.10 2
104.12 2
104.14 2
104.16 2
104.18 2
104.20 2
104.22 2
104.24 2
104.26 2
104.28 2
104.30 2
104.32 3
104.34 3
104.36 3
104.38 3
104.40 3
104.42 3
104.44 3
104.46 3
104.48 3
104.50 3
104.52 3
104.54 3
104.56 3
104.58 3
104.60 3
104.62 3
104.64 3
104.66 3
104.68 3
104.70 3
104.72 3
104.74 3
104.76 3
104.78 4
104.80 4
104.82 4
104.84 4
104.86 4
104.88 4
104.90 4
104.92 4
104.94 4
104.96 4
104.98 4
105.00 4
105.02 4
105.04 4
105.06 4
105.08 4
105.10 4
105.12 4
105.14 4
105.16 4
105.18 4
105.20 4
105.22 4
105.24 1
105.26 1
105.28 1
105.30 1
105.32 1
105.34 1
105.36 1
105.38 1
105.40 1
105.42 1
105.44 1
105.46 1
105.48 1
105.50 1
105.52 1
105.54 1
105.56 1
105.58 1
105.60 1
105.62 1
105.64 1
105.66 1
105.68 1
105.70 2
105.72 2
105.74 2
105.76 2
105.78 2
105.80 2
105.82 2
105.84 2
105.86 2
105.88 2
105.90 2
105.92 2
105.94 2
105.96 2
105.98 2
106.00 2
106.02 2
106.04 2
106.06 2
106.08 2
106.10 2
106.12 2
106.14 2
106.16 3
106.18 3
106.20 3
106.22 3
106.24 3
106.26 3
106.28 3
106.30 3
106.32 3
106.34 3
106.36 3
106.38 3
106.40 3
106.42 3
106.44 3
106.46 3
106.48 3
106.50 3
106.52 3
106.54 3
106.56 3
106.58 3
106.60 3
106.62 4
106.64 4
106.66 4
106.68 4
106.70 4
106.72 4
106.74 4
106.76 4
106.78 4
106.80 4
106.82 4
106.84 4
106.86 4
106.88 4
106.90 4
106.92 4
106.94 4
106.96 4
106.98 4
107.00 4
107.02 4
107.04 4
107.06 4
107.08 1
107.10 1
107.12 1
107.14 1
107.16 1
107.18 1
107.20 1
107.22 1
107.24 1
107.26 1
107.28 1
107.30 1
107.32 1
107.34 1
107.36 1
107.38 1
107.40 1
107.42 1
107.44 1
107.46 1
107.48 1
107.50 1
107.52 1
107.54 2
107.56 2
107.58 2
107.60 2
107.62 2
107.64 2
107.66 2
107.68 2
107.70 2
107.72 2
107.74 2
107.76 2
107.78 2
107.80 2
107.82 2
107.84 2
107.86 2
107.88 2
107.90 2
107.92 2
107.94 2
107.96 2
107.98 2
108.00 2
108.02 3
108.04 3
108.06 3
108.08 3
108.10 3
108.12 3
108.14 3
108.16 3
108.18 3
108.20 3
108.22 3
108.24 3
108.26 3
108.28 3
108.30 3
108.32 3
108.34 3
108.36 3
108.38 3
108.40 3
108.42 3
108.44 3
108.46 3
108.48 4
108.50 4
108.52 4
108.54 4
108.56 4
108.58 4
108.60 4
108.62 4
108.64 4
108.66 4
108.68 4
108.70 4
108.72 4
108.74 4
108.76 4
108.78 4
108.80 4
108.82 4
108.84 4
108.86 4
108.88 4
108.90 4
108.92 4
108.94 1
108.96 1
108.98 1
109.00 1
109.02 1
109.04 1
109.06 1
109.08 1
109.10 1
109.12 1
109.14 1
109.16 1
109.18 1
109.20 1
109.22 1
109.24 1
109.26 1
109.28 1
109.30 1
109.32 1
109.34 1
109.36 1
109.38 1
109.40 2
109.42 2
109.44 2
109.46 2
109.48 2
109.50 2
109.52 2
109.54 2
109.56 2
109.58 2
109.60 2
109.62 2
109.64 2
109.66 2
109.68 2
109.70 2
109.72 2
109.74 2
109.76 2
109.78 2
109.80 2
109.82 2
109.84 2
109.86 3
109.88 3
109.90 3
109.92 3
109.94 3
109.96 3
109.98 3
110.00 3
110.02 3
110.04 3
110.06 3
110.08 3
110.10 3
110.12 3
110.14 3
110.16 3
110.18 3
110.20 3
110.22 3
110.24 3
110.26 3
110.28 3
110.30 3
110.32 4
110.34 4
110.36 4
110.38 4
110.40 4
110.42 4
110.44 4
110.46 4
110.48 4
110.50 4
110.52 4
110.54 4
110.56 4
110.58 4
110.60 4
110.62 4
110.64 4
110.66 4
110.68 4
110.70 4
110.72 4
110.74 4
110.76 4
110.78 1
110.80 1
110.82 1
110.84 1
110.86 1
110.88 1
110.90 1
110.92 1
110.94 1
110.96 1
110.98 1
111.00 1
111.02 1
111.04 1
111.06 1
111.08 1
111.10 1
111.12 1
111.14 1
111.16 1
111.18 1
111.20 1
111.22 1
111.24 2
111.26 2
111.28 2
111.30 2
111.32 2
111.34 2
111.36 2
111.38 2
111.40 2
111.42 2
111.44 2
111.46 2
111.48 2
111.50 2
111.52 2
111.54 2
111.56 2
111.58 2
111.60 2
111.62 2
111.64 2
111.66 2
111.68 2
111.70 3
111.72 3
111.74 3
111.76 3
111.78 3
111.80 3
111.82 3
111.84 3
111.86 3
111.88 3
111.90 3
111.92 3
111.94 3
111.96 3
111.98 3
112.00 3
112.02 3
112.04 3
112.06 3
112.08 3
112.10 3
112.12 3
112.14 3
112.16 4
112.18 4
112.20 4
112.22 4
112.24 4
112.26 4
112.28 4
112.30 4
112.32 4
112.34 4
112.36 4
112.38 4
112.40 4
112.42 4
112.44 4
112.46 4
112.48 4
112.50 4
112.52 4
112.54 4
112.56 4
112.58 4
112.60 4
112.62 1
112.64 1
112.66 1
112.68 1
112.70 1
112.72 1
112.74 1
112.76 1
112.78 1
112.80 1
112.82 1
112.84 1
112.86 1
112.88 1
112.90 1
112.92 1
112.94 1
112.96 1
112.98 1
113.00 1
113.02 1
113.04 1
113.06 1
113.08 2
113.10 2
113.12 2
113.14 2
113.16 2
113.18 2
113.20 2
113.22 2
113.24 2
113.26 2
113.28 2
113.30 2
113.32 2
113.34 2
113.36 2
113.38 2
113.40 2
113.42 2
113.44 2
113.46 2
113.48 2
113.50 2
113.52 2
113.54 3
113.56 3
113.58 3
113.60 3
113.62 3
113.64 3
113.66 3
113.68 3
113.70 3
113.72 3
113.74 3
113.76 3
113.78 3
113.80 3
113.82 3
113.84 3
113.86 3
113.88 3
113.90 3
113.92 3
113.94 3
113.96 3
113.98 3
114.00 3
114.02 4
114.04 4
114.06 4
114.08 4
114.10 4
114.12 4
114.14 4
114.16 4
114.18 4
114.20 4
114.22 4
114.24 4
114.26 4
114.28 4
114.30 4
114.32 4
114.34 4
114.36 4
114.38 4
114.40 4
114.42 4
114.44 4
114.46 4
114.48 1
114.50 1
114.52 1
114.54 1
114.56 1
114.58 1
114.60 1
114.62 1
114.64 1
114.66 1
114.68 1
114.70 1
114.72 1
114.74 1
114.76 1
114.78 1
114.80 1
114.82 1
114.84 1
114.86 1
114.88 1
114.90 1
114.92 1
114.94 2
114.96 2
114.98 2
115.00 2
115.02 2
115.04 2
115.06 2
115.08 2
115.10 2
115.12 2
115.14 2
115.16 2
115.18 2
115.20 2
115.22 2
115.24 2
115.26 2
115.28 2
115.30 2
115.32 2
115.34 2
115.36 2
115.38 2
115.40 3
115.42 3
115.44 3
115.46 3
115.48 3
115.50 3
115.52 3
115.54 3
115.56 3
115.58 3
115.60 3
115.62 3
115.64 3
115.66 3
115.68 3
115.70 3
115.72 3
115.74 3
115.76 3
115.78 3
115.80 3
115.82 3
115.84 3
115.86 4
115.88 4
115.90 4
115.92 4
115.94 4
115.96 4
115.98 4
116.00 4
116.02 4
116.04 4
116.06 4
116.08 4
116.10 4
116.12 4
116.14 4
116.16 4
116.18 4
116.20 4
116.22 4
116.24 4
116.26 4
116.28 4
116.30 4
116.32 1
116.34 1
116.36 1
116.38 1
116.40 1
116.42 1
116.44 1
116.46 1
116.48 1
116.50 1
116.52 1
116.54 1
116.56 1
116.58 1
116.60 1
116.62 1
116.64 1
116.66 1
116.68 1
116.70 1
116.72 1
116.74 1
116.76 1
116.78 2
116.80 2
116.82 2
116.84 2
116.86 2
116.88 2
116.90 2
116.92 2
116.94 2
116.96 2
116.98 2
117.00 2
117.02 2
117.04 2
117.06 2
117.08 2
117.10 2
117.12 2
117.14 2
117.16 2
117.18 2
117.20 2
117.22 2
117.24 3
117.26 3
117.28 3
117.30 3
117.32 3
117.34 3
117.36 3
117.38 3
117.40 3
117.42 3
117.44 3
117.46 3
117.48 3
117.50 3
117.52 3
117.54 3
117.56 3
117.58 3
117.60 3
117.62 3
117.64 3
117.66 3
117.68 3
117.70 4
117.72 4
117.74 4
117.76 4
117.78 4
117.80 4
117.82 4
117.84 4
117.86 4
117.88 4
117.90 4
117.92 4
117.94 4
117.96 4
117.98 4
118.00 4
118.02 4
118.04 4
118.06 4
118.08 4
118.10 4
118.12 4
118.14 4
118.16 1
118.18 1
118.20 1
118.22 1
118.24 1
118.26 1
118.28 1
118.30 1
118.32 1
118.34 1
118.36 1
118.38 1
118.40 1
118.42 1
118.44 1
118.46 1
118.48 1
118.50 1
118.52 1
118.54 1
118.56 1
118.58 1
118.60 1
118.62 2
118.64 2
118.66 2
118.68 2
118.70 2
118.72 2
118.74 2
118.76 2
118.78 2
118.80 2
118.82 2
118.84 2
118.86 2
118.88 2
118.90 2
118.92 2
118.94 2
118.96 2
118.98 2
119.00 2
119.02 2
119.04 2
119.06 2
119.08 3
119.10 3
119.12 3
119.14 3
119.16 3
119.18 3
119.20 3
119.22 3
119.24 3
119.26 3
119.28 3
119.30 3
119.32 3
119.34 3
119.36 3
119.38 3
119.40 3
119.42 3
119.44 3
119.46 3
119.48 3
119.50 3
119.52 3
119.54 4
119.56 4
119.58 4
119.60 4
119.62 4
119.64 4
119.66 4
119.68 4
119.70 4
119.72 4
119.74 4
119.76 4
119.78 4
119.80 4
119.82 4
119.84 4
119.86 4
119.88 4
119.90 4
119.92 4
119.94 4
119.96 4
119.98 4
120.00 4
120.02 1
120.04 1
120.06 1
120.08 1
120.10 1
120.12 1
120.14 1
120.16 1
120.18 1
120.20 1
120.22 1
120.24 1
120.26 1
120.28 1
120.30 1
120.32 1
120.34 1
120.36 1
120.38 1
120.40 1
120.42 1
120.44 1
120.46 1
120.48 2
120.50 2
120.52 2
120.54 2
120.56 2
120.58 2
120.60 2
120.62 2
120.64 2
120.66 2
120.68 2
120.70 2
120.72 2
120.74 2
120.76 2
120.78 2
120.80 2
120.82 2
120.84 2
120.86 2
120.88 2
120.90 2
120.92 2
120.94 3
120.96 3
120.98 3
121.00 3
121.02 3
121.04 3
121.06 3
121.08 3
121.10 3
121.12 3
121.14 3
121.16 3
121.18 3
121.20 3
121.22 3
121.24 3
121.26 3
121.28 3
121.30 3
121.32 3
121.34 3
121.36 3
121.38 3
121.40 4
121.42 4
121.44 4
121.46 4
121.48 4
121.50 4
121.52 4
121.54 4
121.56 4
121.58 4
121.60 4
121.62 4
121.64 4
121.66 4
121.68 4
121.70 4
121.72 4
121.74 4
121.76 4
121.78 4
121.80 4
121.82 4
121.84 4
121.86 1
121.88 1
121.90 1
121.92 1
121.94 1
121.96 1
121.98 1
122.00 1
122.02 1
122.04 1
122.06 1
122.08 1
122.10 1
122.12 1
122.14 1
122.16 1
122.18 1
122.20 1
122.22 1
122.24 1
122.26 1
122.28 1
122.30 1
122.32 2
122.34 2
122.36 2
122.38 2
122.40 2
122.42 2
122.44 2
122.46 2
122.48 2
122.50 2
122.52 2
122.54 2
122.56 2
122.58 2
122.60 2
122.62 2
122.64 2
122.66 2
122.68 2
122.70 2
122.72 2
122.74 2
122.76 2
122.78 3
122.80 3
122.82 3
122.84 3
122.86 3
122.88 3
122.90 3
122.92 3
122.94 3
122.96 3
122.98 3
123.00 3
123.02 3
123.04 3
123.06 3
123.08 3
123.10 3
123.12 3
123.14 3
123.16 3
123.18 3
123.20 3
123.22 3
123.24 4
123.26 4
123.28 4
123.30 4
123.32 4
123.34 4
123.36 4
123.38 4
123.40 4
123.42 4
123.44 4
123.46 4
123.48 4
123.50 4
123.52 4
123.54 4
123.56 4
123.58 4
123.60 4
123.62 4
123.64 4
123.66 4
123.68 4
123.70 1
123.72 1
123.74 1
123.76 1
123.78 1
123.80 1
123.82 1
123.84 1
123.86 1
123.88 1
123.90 1
123.92 1
123.94 1
123.96 1
123.98 1
124.00 1
124.02 1
124.04 1
124.06 1
124.08 1
124.10 1
124.12 1
124.14 1
124.16 2
124.18 2
124.20 2
124.22 2
124.24 2
124.26 2
124.28 2
124.30 2
124.32 2
124.34 2
124.36 2
124.38 2
124.40 2
124.42 2
124.44 2
124.46 2
124.48 2
124.50 2
124.52 2
124.54 2
124.56 2
124.58 2
124.60 2
124.62 3
124.64 3
124.66 3
124.68 3
124.70 3
124.72 3
124.74 3
124.76 3
124.78 3
124.80 3
124.82 3
124.84 3
124.86 3
124.88 3
124.90 3
124.92 3
124.94 3
124.96 3
124.98 3
125.00 3
125.02 3
125.04 3
125.06 3
125.08 4
125.10 4
125.12 4
125.14 4
125.16 4
125.18 4
125.20 4
125.22 4
125.24 4
125.26 4
125.28 4
125.30 4
125.32 4
125.34 4
125.36 4
125.38 4
125.40 4
125.42 4
125.44 4
125.46 4
125.48 4
125.50 4
125.52 4
125.54 1
125.56 1
125.58 1
125.60 1
125.62 1
125.64 1
125.66 1
125.68 1
125.70 1
125.72 1
125.74 1
125.76 1
125.78 1
125.80 1
125.82 1
125.84 1
125.86 1
125.88 1
125.90 1
125.92 1
125.94 1
125.96 1
125.98 1
126.00 1
126.02 2
126.04 2
126.06 2
126.08 2
126.10 2
126.12 2
126.14 2
126.16 2
126.18 2
126.20 2
126.22 2
126.24 2
126.26 2
126.28 2
126.30 2
126.32 2
126.34 2
126.36 2
126.38 2
126.40 2
126.42 2
126.44 2
126.46 2
126.48 3
126.50 3
126.52 3
126.54 3
126.56 3
126.58 3
126.60 3
126.62 3
126.64 3
126.66 3
126.68 3
126.70 3
126.72 3
126.74 3
126.76 3
126.78 3
126.80 3
126.82 3
126.84 3
126.86 3
126.88 3
126.90 3
126.92 3
126.94 4
126.96 4
126.98 4
127.00 4
127.02 4
127.04 4
127.06 4
127.08 4
127.10 4
127.12 4
127.14 4
127.16 4
127.18 4
127.20 4
127.22 4
127.24 4
127.26 4
127.28 4
127.30 4
127.32 4
127.34 4
127.36 4
127.38 4
127.40 1
127.42 1
127.44 1
127.46 1
127.48 1
127.50 1
127.52 1
127.54 1
127.56 1
127.58 1
127.60 1
127.62 1
127.64 1
127.66 1
127.68 1
127.70 1
127.72 1
127.74 1
127.76 1
127.78 1
127.80 1
127.82 1
127.84 1
127.86 2
127.88 2
127.90 2
127.92 2
127.94 2
127.96 2
127.98 2
128.00 2
128.02 2
128.04 2
128.06 2
128.08 2
128.10 2
128.12 2
128.14 2
128.16 2
128.18 2
128.20 2
128.22 2
128.24 2
128.26 2
128.28 2
128.30 2
128.32 3
128.34 3
128.36 3
128.38 3
128.40 3
128.42 3
128.44 3
128.46 3
128.48 3
128.50 3
128.52 3
128.54 3
128.56 3
128.58 3
128.60 3
128.62 3
128.64 3
128.66 3
128.68 3
128.70 3
128.72 3
128.74 3
128.76 3
128.78 4
128.80 4
128.82 4
128.84 4
128.86 4
128.88 4
128.90 4
128.92 4
128.94 4
128.96 4
128.98 4
129.00 4
129.02 4
129.04 4
129.06 4
129.08 4
129.10 4
129.12 4
129.14 4
129.16 4
129.18 4
129.20 4
129.22 4
129.24 1
129.26 1
129.28 1
129.30 1
129.32 1
129.34 1
129.36 1
129.38 1
129.40 1
129.42 1
129.44 1
129.46 1
129.48 1
129.50 1
129.52 1
129.54 1
129.56 1
129.58 1
129.60 1
129.62 1
129.64 1
129.66 1
129.68 1
129.70 2
129.72 2
129.74 2
129.76 2
129.78 2
129.80 2
129.82 2
129.84 2
129.86 2
129.88 2
129.90 2
129.92 2
129.94 2
129.96 2
129.98 2
130.00 2
130.02 2
130.04 2
130.06 2
130.08 2
130.10 2
130.12 2
130.14 2
130.16 3
130.18 3
130.20 3
130.22 3
130.24 3
130.26 3
130.28 3
130.30 3
130.32 3
130.34 3
130.36 3
130.38 3
130.40 3
130.42 3
130.44 3
130.46 3
130.48 3
130.50 3
130.52 3
130.54 3
130.56 3
130.58 3
130.60 3
130.62 4
130.64 4
130.66 4
130.68 4
130.70 4
130.72 4
130.74 4
130.76 4
130.78 4
130.80 4
130.82 4
130.84 4
130.86 4
130.88 4
130.90 4
130.92 4
130.94 4
130.96 4
130.98 4
131.00 4
131.02 4
131.04 4
131.06 4
131.08 1
131.10 1
131.12 1
131.14 1
131.16 1
131.18 1
131.20 1
131.22 1
131.24 1
131.26 1
131.28 1
131.30 1
131.32 1
131.34 1
131.36 1
131.38 1
131.40 1
131.42 1
131.44 1
131.46 1
131.48 1
131.50 1
131.52 1
131.54 2
131.56 2
131.58 2
131.60 2
131.62 2
131.64 2
131.66 2
131.68 2
131.70 2
131.72 2
131.74 2
131.76 2
131.78 2
131.80 2
131.82 2
131.84 2
131.86 2
131.88 2
131.90 2
131.92 2
131.94 2
131.96 2
131.98 2
132.00 2
132.02 3
132.04 3
132.06 3
132.08 3
132.10 3
132.12 3
132.14 3
132.16 3
132.18 3
132.20 3
132.22 3
132.24 3
132.26 3
132.28 3
132.30 3
132.32 3
132.34 3
132.36 3
132.38 3
132.40 3
132.42 3
132.44 3
132.46 3
132.48 4
132.50 4
132.52 4
132.54 4
132.56 4
132.58 4
132.60 4
132.62 4
132.64 4
132.66 4
132.68 4
132.70 4
132.72 4
132.74 4
132.76 4
132.78 4
132.80 4
132.82 4
132.84 4
132.86 4
132.88 4
132.90 4
132.92 4
132.94 1
132.96 1
132.98 1
133.00 1
133.02 1
133.04 1
133.06 1
133.08 1
133.10 1
133.12 1
133.14 1
133.16 1
133.18 1
133.20 1
133.22 1
133.24 1
133.26 1
133.28 1
133.30 1
133.32 1
133.34 1
133.36 1
133.38 1
133.40 2
133.42 2
133.44 2
133.46 2
133.48 2
133.50 2
133.52 2
133.54 2
133.56 2
133.58 2
133.60 2
133.62 2
133.64 2
133.66 2
133.68 2
133.70 2
133.72 2
133.74 2
133.76 2
133.78 2
133.80 2
133.82 2
133.84 2
133.86 3
133.88 3
133.90 3
133.92 3
133.94 3
133.96 3
133.98 3
134.00 3
134.02 3
134.04 3
134.06 3
134.08 3
134.10 3
134.12 3
134.14 3
134.16 3
134.18 3
134.20 3
134.22 3
134.24 3
134.26 3
134.28 3
134.30 3
134.32 4
134.34 4
134.36 4
134.38 4
134.40 4
134.42 4
134.44 4
134.46 4
134.48 4
134.50 4
134.52 4
134.54 4
134.56 4
134.58 4
134.60 4
134.62 4
134.64 4
134.66 4
134.68 4
134.70 4
134.72 4
134.74 4
134.76 4
134.78 1
134.80 1
134.82 1
134.84 1
134.86 1
134.88 1
134.90 1
134.92 1
134.94 1
134.96 1
134.98 1
135.00 1
135.02 1
135.04 1
135.06 1
135.08 1
135.10 1
135.12 1
135.14 1
135.16 1
135.18 1
135.20 1
135.22 1
135.24 2
135.26 2
135.28 2
135.30 2
135.32 2
135.34 2
135.36 2
135.38 2
135.40 2
135.42 2
135.44 2
135.46 2
135.48 2
135.50 2
135.52 2
135.54 2
135.56 2
135.58 2
135.60 2
135.62 2
135.64 2
135.66 2
135.68 2
135.70 3
135.72 3
135.74 3
135.76 3
135.78 3
135.80 3
135.82 3
135.84 3
135.86 3
135.88 3
135.90 3
135.92 3
135.94 3
135.96 3
135.98 3
136.00 3
136.02 3
136.04 3
136.06 3
136.08 3
136.10 3
136.12 3
136.14 3
136.16 4
136.18 4
136.20 4
136.22 4
136.24 4
136.26 4
136.28 4
136.30 4
136.32 4
136.34 4
136.36 4
136.38 4
136.40 4
136.42 4
136.44 4
136.46 4
136.48 4
136.50 4
136.52 4
136.54 4
136.56 4
136.58 4
136.60 4
136.62 1
136.64 1
136.66 1
136.68 1
136.70 1
136.72 1
136.74 1
136.76 1
136.78 1
136.80 1
136.82 1
136.84 1
136.86 1
136.88 1
136.90 1
136.92 1
136.94 1
136.96 1
136.98 1
137.00 1
137.02 1
137.04 1
137.06 1
137.08 2
137.10 2
137.12 2
137.14 2
137.16 2
137.18 2
137.20 2
137.22 2
137.24 2
137.26 2
137.28 2
137.30 2
137.32 2
137.34 2
137.36 2
137.38 2
137.40 2
137.42 2
137.44 2
137.46 2
137.48 2
137.50 2
137.52 2
137.54 3
137.56 3
137.58 3
137.60 3
137.62 3
137.64 3
137.66 3
137.68 3
137.70 3
137.72 3
137.74 3
137.76 3
137.78 3
137.80 3
137.82 3
137.84 3
137.86 3
137.88 3
137.90 3
137.92 3
137.94 3
137.96 3
137.98 3
138.00 3
138.02 4
138.04 4
138.06 4
138.08 4
138.10 4
138.12 4
138.14 4
138.16 4
138.18 4
138.20 4
138.22 4
138.24 4
138.26 4
138.28 4
138.30 4
138.32 4
138.34 4
138.36 4
138.38 4
138.40 4
138.42 4
138.44 4
138.46 4
138.48 1
138.50 1
138.52 1
138.54 1
138.56 1
138.58 1
138.60 1
138.62 1
138.64 1
138.66 1
138.68 1
138.70 1
138.72 1
138.74 1
138.76 1
138.78 1
138.80 1
138.82 1
138.84 1
138.86 1
138.88 1
138.90 1
138.92 1
138.94 2
138.96 2
138.98 2
139.00 2
139.02 2
139.04 2
139.06 2
139.08 2
139.10 2
139.12 2
139.14 2
139.16 2
139.18 2
139.20 2
139.22 2
139.24 2
139.26 2
139.28 2
139.30 2
139.32 2
139.34 2
139.36 2
139.38 2
139.40 3
139.42 3
139.44 3
139.46 3
139.48 3
139.50 3
139.52 3
139.54 3
139.56 3
139.58 3
139.60 3
139.62 3
139.64 3
139.66 3
139.68 3
139.70 3
139.72 3
139.74 3
139.76 3
139.78 3
139.80 3
139.82 3
139.84 3
139.86 4
139.88 4
139.90 4
139.92 4
139.94 4
139.96 4
139.98 4
140.00 4
140.02 4
140.04 4
140.06 4
140.08 4
140.10 4
140.12 4
140.14 4
140.16 4
140.18 4
140.20 4
140.22 4
140.24 4
140.26 4
140.28 4
140.30 4
140.32 1
140.34 1
140.36 1
140.38 1
140.40 1
140.42 1
140.44 1
140.46 1
140.48 1
140.50 1
140.52 1
140.54 1
140.56 1
140.58 1
140.60 1
140.62 1
140.64 1
140.66 1
140.68 1
140.70 1
140.72 1
140.74 1
140.76 1
140.78 2
140.80 2
140.82 2
140.84 2
140.86 2
140.88 2
140.90 2
140.92 2
140.94 2
140.96 2
140.98 2
141.00 2
141.02 2
141.04 2
141.06 2
141.08 2
141.10 2
141.12 2
141.14 2
141.16 2
141.18 2
141.20 2
141.22 2
141.24 3
141.26 3
141.28 3
141.30 3
141.32 3
141.34 3
141.36 3
141.38 3
141.40 3
141.42 3
141.44 3
141.46 3
141.48 3
141.50 3
141.52 3
141.54 3
141.56 3
141.58 3
141.60 3
141.62 3
141.64 3
141.66 3
141.68 3
141.70 4
141.72 4
141.74 4
141.76 4
141.78 4
141.80 4
141.82 4
141.84 4
141.86 4
141.88 4
141.90 4
141.92 4
141.94 4
141.96 4
141.98 4
142.00 4
142.02 4
142.04 4
142.06 4
142.08 4
142.10 4
142.12 4
142.14 4
142.16 1
142.18 1
142.20 1
142.22 1
142.24 1
142.26 1
142.28 1
142.30 1
142.32 1
142.34 1
142.36 1
142.38 1
142.40 1
142.42 1
142.44 1
142.46 1
142.48 1
142.50 1
142.52 1
142.54 1
142.56 1
142.58 1
142.60 1
142.62 2
142.64 2
142.66 2
142.68 2
142.70 2
142.72 2
142.74 2
142.76 2
142.78 2
142.80 2
142.82 2
142.84 2
142.86 2
142.88 2
142.90 2
142.92 2
142.94 2
142.96 2
142.98 2
143.00 2
143.02 2
143.04 2
143.06 2
143.08 3
143.10 3
143.12 3
143.14 3
143.16 3
143.18 3
143.20 3
143.22 3
143.24 3
143.26 3
143.28 3
143.30 3
143.32 3
143.34 3
143.36 3
143.38 3
143.40 3
143.42 3
143.44 3
143.46 3
143.48 3
143.50 3
143.52 3
143.54 4
143.56 4
143.58 4
143.60 4
143.62 4
143.64 4
143.66 4
143.68 4
143.70 4
143.72 4
143.74 4
143.76 4
143.78 4
143.80 4
143.82 4
143.84 4
143.86 4
143.88 4
143.90 4
143.92 4
143.94 4
143.96 4
143.98 4
144.00 4
144.02 1
144.04 1
144.06 1
144.08 1
144.10 1
144.12 1
144.14 1
144.16 1
144.18 1
144.20 1
144.22 1
144.24 1
144.26 1
144.28 1
144.30 1
144.32 1
144.34 1
144.36 1
144.38 1
144.40 1
144.42 1
144.44 1
144.46 1
144.48 2
144.50 2
144.52 2
144.54 2
144.56 2
144.58 2
144.60 2
144.62 2
144.64 2
144.66 2
144.68 2
144.70 2
144.72 2
144.74 2
144.76 2
144.78 2
144.80 2
144.82 2
144.84 2
144.86 2
144.88 2
144.90 2
144.92 2
144.94 3
144.96 3
144.98 3
145.00 3
145.02 3
145.04 3
145.06 3
145.08 3
145.10 3
145.12 3
145.14 3
145.16 3
145.18 3
145.20 3
145.22 3
145.24 3
145.26 3
145.28 3
145.30 3
145.32 3
145.34 3
145.36 3
145.38 3
145.40 4
145.42 4
145.44 4
145.46 4
145.48 4
145.50 4
145.52 4
145.54 4
145.56 4
145.58 4
145.60 4
145.62 4
145.64 4
145.66 4
145.68 4
145.70 4
145.72 4
145.74 4
145.76 4
145.78 4
145.80 4
145.82 4
145.84 4
145.86 1
145.88 1
145.90 1
145.92 1
145.94 1
145.96 1
145.98 1
146.00 1
146.02 1
146.04 1
146.06 1
146.08 1
146.10 1
146.12 1
146.14 1
146.16 1
146.18 1
146.20 1
146.22 1
146.24 1
146.26 1
146.28 1
146.30 1
146.32 2
146.34 2
146.36 2
146.38 2
146.40 2
146.42 2
146.44 2
146.46 2
146.48 2
146.50 2
146.52 2
146.54 2
146.56 2
146.58 2
146.60 2
146.62 2
146.64 2
146.66 2
146.68 2
146.70 2
146.72 2
146.74 2
146.76 2
146.78 3
146.80 3
146.82 3
146.84 3
146.86 3
146.88 3
146.90 3
146.92 3
146.94 3
146.96 3
146.98 3
147.00 3
147.02 3
147.04 3
147.06 3
147.08 3
147.10 3
147.12 3
147.14 3
147.16 3
147.18 3
147.20 3
147.22 3
147.24 4
147.26 4
147.28 4
147.30 4
147.32 4
147.34 4
147.36 4
147.38 4
147.40 4
147.42 4
147.44 4
147.46 4
147.48 4
147.50 4
147.52 4
147.54 4
147.56 4
147.58 4
147.60 4
147.62 4
147.64 4
147.66 4
147.68 4
147.70 1
147.72 1
147.74 1
147.76 1
147.78 1
147.80 1
147.82 1
147.84 1
147.86 1
147.88 1
147.90 1
147.92 1
147.94 1
147.96 1
147.98 1
148.00 1
148.02 1
148.04 1
148.06 1
148.08 1
148.10 1
148.12 1
148.14 1
148.16 2
148.18 2
148.20 2
148.22 2
148.24 2
148.26 2
148.28 2
148.30 2
148.32 2
148.34 2
148.36 2
148.38 2
148.40 2
148.42 2
148.44 2
148.46 2
148.48 2
148.50 2
148.52 2
148.54 2
148.56 2
148.58 2
148.60 2
148.62 3
148.64 3
148.66 3
148.68 3
148.70 3
148.72 3
148.74 3
148.76 3
148.78 3
148.80 3
148.82 3
148.84 3
148.86 3
148.88 3
148.90 3
148.92 3
148.94 3
148.96 3
148.98 3
149.00 3
149.02 3
149.04 3
149.06 3
149.08 4
149.10 4
149.12 4
149.14 4
149.16 4
149.18 4
149.20 4
149.22 4
149.24 4
149.26 4
149.28 4
149.30 4
149.32 4
149.34 4
149.36 4
149.38 4
149.40 4
149.42 4
149.44 4
149.46 4
149.48 4
149.50 4
149.52 4
149.54 1
149.56 1
149.58 1
149.60 1
149.62 1
149.64 1
149.66 1
149.68 1
149.70 1
149.72 1
149.74 1
149.76 1
149.78 1
149.80 1
149.82 1
149.84 1
149.86 1
149.88 1
149.90 1
149.92 1
149.94 1
149.96 1
149.98 1
150.00 2
150.02 2
150.04 2
150.06 2
150.08 2
150.10 2
150.12 2
150.14 2
150.16 2
150.18 2
150.20 2
150.22 2
150.24 2
150.26 2
150.28 2
150.30 2
150.32 2
150.34 2
150.36 2
150.38 2
150.40 2
150.42 2
150.44 2
150.46 2
150.48 3
150.50 3
150.52 3
150.54 3
150.56 3
150.58 3
150.60 3
150.62 3
150.64 3
150.66 3
150.68 3
150.70 3
150.72 3
150.74 3
150.76 3
150.78 3
150.80 3
150.82 3
150.84 3
150.86 3
150.88 3
150.90 3
150.92 3
150.94 4
150.96 4
150.98 4
151.00 4
151.02 4
151.04 4
151.06 4
151.08 4
151.10 4
151.12 4
151.14 4
151.16 4
151.18 4
151.20 4
151.22 4
151.24 4
151.26 4
151.28 4
151.30 4
151.32 4
151.34 4
151.36 4
151.38 4
151.40 1
151.42 1
151.44 1
151.46 1
151.48 1
151.50 1
151.52 1
151.54 1
151.56 1
151.58 1
151.60 1
151.62 1
151.64 1
151.66 1
151.68 1
151.70 1
151.72 1
151.74 1
151.76 1
151.78 1
151.80 1
151.82 1
151.84 1
151.86 2
151.88 2
151.90 2
151.92 2
151.94 2
151.96 2
151.98 2
152.00 2
152.02 2
152.04 2
152.06 2
152.08 2
152.10 2
152.12 2
152.14 2
152.16 2
152.18 2
152.20 2
152.22 2
152.24 2
152.26 2
152.28 2
152.30 2
152.32 3
152.34 3
152.36 3
152.38 3
152.40 3
152.42 3
152.44 3
152.46 3
152.48 3
152.50 3
152.52 3
152.54 3
152.56 3
152.58 3
152.60 3
152.62 3
152.64 3
152.66 3
152.68 3
152.70 3
152.72 3
152.74 3
152.76 3
152.78 4
152.80 4
152.82 4
152.84 4
152.86 4
152.88 4
152.90 4
152.92 4
152.94 4
152.96 4
152.98 4
153.00 4
153.02 4
153.04 4
153.06 4
153.08 4
153.10 4
153.12 4
153.14 4
153.16 4
153.18 4
153.20 4
153.22 4
153.24 1
153.26 1
153.28 1
153.30 1
153.32 1
153.34 1
153.36 1
153.38 1
153.40 1
153.42 1
153.44 1
153.46 1
153.48 1
153.50 1
153.52 1
153.54 1
153.56 1
153.58 1
153.60 1
153.62 1
153.64 1
153.66 1
153.68 1
153.70 2
153.72 2
153.74 2
153.76 2
153.78 2
153.80 2
153.82 2
153.84 2
153.86 2
153.88 2
153.90 2
153.92 2
153.94 2
153.96 2
153.98 2
154.00 2
154.02 2
154.04 2
154.06 2
154.08 2
154.10 2
154.12 2
154.14 2
154.16 3
154.18 3
154.20 3
154.22 3
154.24 3
154.26 3
154.28 3
154.30 3
154.32 3
154.34 3
154.36 3
154.38 3
154.40 3
154.42 3
154.44 3
154.46 3
154.48 3
154.50 3
154.52 3
154.54 3
154.56 3
154.58 3
154.60 3
154.62 4
154.64 4
154.66 4
154.68 4
154.70 4
154.72 4
154.74 4
154.76 4
154.78 4
154.80 4
154.82 4
154.84 4
154.86 4
154.88 4
154.90 4
154.92 4
154.94 4
154.96 4
154.98 4
155.00 4
155.02 4
155.04 4
155.06 4
155.08 1
155.10 1
155.12 1
155.14 1
155.16 1
155.18 1
155.20 1
155.22 1
155.24 1
155.26 1
155.28 1
155.30 1
155.32 1
155.34 1
155.36 1
155.38 1
155.40 1
155.42 1
155.44 1
155.46 1
155.48 1
155.50 1
155.52 1
155.54 2
155.56 2
155.58 2
155.60 2
155.62 2
155.64 2
155.66 2
155.68 2
155.70 2
155.72 2
155.74 2
155.76 2
155.78 2
155.80 2
155.82 2
155.84 2
155.86 2
155.88 2
155.90 2
155.92 2
155.94 2
155.96 2
155.98 2
156.00 3
156.02 3
156.04 3
156.06 3
156.08 3
156.10 3
156.12 3
156.14 3
156.16 3
156.18 3
156.20 3
156.22 3
156.24 3
156.26 3
156.28 3
156.30 3
156.32 3
156.34 3
156.36 3
156.38 3
156.40 3
156.42 3
156.44 3
156.46 3
156.48 4
156.50 4
156.52 4
156.54 4
156.56 4
156.58 4
156.60 4
156.62 4
156.64 4
156.66 4
156.68 4
156.70 4
156.72 4
156.74 4
156.76 4
156.78 4
156.80 4
156.82 4
156.84 4
156.86 4
156.88 4
156.90 4
156.92 4
156.94 1
156.96 1
156.98 1
157.00 1
157.02 1
157.04 1
157.06 1
157.08 1
157.10 1
157.12 1
157.14 1
157.16 1
157.18 1
157.20 1
157.22 1
157.24 1
157.26 1
157.28 1
157.30 1
157.32 1
157.34 1
157.36 1
157.38 1
157.40 2
157.42 2
157.44 2
157.46 2
157.48 2
157.50 2
157.52 2
157.54 2
157.56 2
157.58 2
157.60 2
157.62 2
157.64 2
157.66 2
157.68 2
157.70 2
157.72 2
157.74 2
157.76 2
157.78 2
157.80 2
157.82 2
157.84 2
157.86 3
157.88 3
157.90 3
157.92 3
157.94 3
157.96 3
157.98 3
158.00 3
158.02 3
158.04 3
158.06 3
158.08 3
158.10 3
158.12 3
158.14 3
158.16 3
158.18 3
158.20 3
158.22 3
158.24 3
158.26 3
158.28 3
158.30 3
158.32 4
158.34 4
158.36 4
158.38 4
158.40 4
158.42 4
158.44 4
158.46 4
158.48 4
158.50 4
158.52 4
158.54 4
158.56 4
158.58 4
158.60 4
158.62 4
158.64 4
158.66 4
158.68 4
158.70 4
158.72 4
158.74 4
158.76 4
158.78 1
158.80 1
158.82 1
158.84 1
158.86 1
158.88 1
158.90 1
158.92 1
158.94 1
158.96 1
158.98 1
159.00 1
159.02 1
159.04 1
159.06 1
159.08 1
159.10 1
159.12 1
159.14 1
159.16 1
159.18 1
159.20 1
159.22 1
159.24 2
159.26 2
159.28 2
159.30 2
159.32 2
159.34 2
159.36 2
159.38 2
159.40 2
159.42 2
159.44 2
159.46 2
159.48 2
159.50 2
159.52 2
159.54 2
159.56 2
159.58 2
159.60 2
159.62 2
159.64 2
159.66 2
159.68 2
159.70 3
159.72 3
159.74 3
159.76 3
159.78 3
159.80 3
159.82 3
159.84 3
159.86 3
159.88 3
159.90 3
159.92 3
159.94 3
159.96 3
159.98 3
160.00 3
160.02 3
160.04 3
160.06 3
160.08 3
160.10 3
160.12 3
160.14 3
160.16 4
160.18 4
160.20 4
160.22 4
160.24 4
160.26 4
160.28 4
160.30 4
160.32 4
160.34 4
160.36 4
160.38 4
160.40 4
160.42 4
160.44 4
160.46 4
160.48 4
160.50 4
160.52 4
160.54 4
160.56 4
160.58 4
160.60 4
160.62 1
160.64 1
160.66 1
160.68 1
160.70 1
160.72 1
160.74 1
160.76 1
160.78 1
160.80 1
160.82 1
160.84 1
160.86 1
160.88 1
160.90 1
160.92 1
160.94 1
160.96 1
160.98 1
161.00 1
161.02 1
161.04 1
161.06 1
161.08 2
161.10 2
161.12 2
161.14 2
161.16 2
161.18 2
161.20 2
161.22 2
161.24 2
161.26 2
161.28 2
161.30 2
161.32 2
161.34 2
161.36 2
161.38 2
161.40 2
161.42 2
161.44 2
161.46 2
161.48 2
161.50 2
161.52 2
161.54 3
161.56 3
161.58 3
161.60 3
161.62 3
161.64 3
161.66 3
161.68 3
161.70 3
161.72 3
161.74 3
161.76 3
161.78 3
161.80 3
161.82 3
161.84 3
161.86 3
161.88 3
161.90 3
161.92 3
161.94 3
161.96 3
161.98 3
162.00 4
162.02 4
162.04 4
162.06 4
162.08 4
162.10 4
162.12 4
162.14 4
162.16 4
162.18 4
162.20 4
162.22 4
162.24 4
162.26 4
162.28 4
162.30 4
162.32 4
162.34 4
162.36 4
162.38 4
162.40 4
162.42 4
162.44 4
162.46 4
162.48 1
162.50 1
162.52 1
162.54 1
162.56 1
162.58 1
162.60 1
162.62 1
162.64 1
162.66 1
162.68 1
162.70 1
162.72 1
162.74 1
162.76 1
162.78 1
162.80 1
162.82 1
162.84 1
162.86 1
162.88 1
162.90 1
162.92 1
162.94 2
162.96 2
162.98 2
163.00 2
163.02 2
163.04 2
163.06 2
163.08 2
163.10 2
163.12 2
163.14 2
163.16 2
163.18 2
163.20 2
163.22 2
163.24 2
163.26 2
163.28 2
163.30 2
163.32 2
163.34 2
163.36 2
163.38 2
163.40 3
163.42 3
163.44 3
163.46 3
163.48 3
163.50 3
163.52 3
163.54 3
163.56 3
163.58 3
163.60 3
163.62 3
163.64 3
163.66 3
163.68 3
163.70 3
163.72 3
163.74 3
163.76 3
163.78 3
163.80 3
163.82 3
163.84 3
163.86 4
163.88 4
163.90 4
163.92 4
163.94 4
163.96 4
163.98 4
164.00 4
164.02 4
164.04 4
164.06 4
164.08 4
164.10 4
164.12 4
164.14 4
164.16 4
164.18 4
164.20 4
164.22 4
164.24 4
164.26 4
164.28 4
164.30 4
164.32 1
164.34 1
164.36 1
164.38 1
164.40 1
164.42 1
164.44 1
164.46 1
164.48 1
164.50 1
164.52 1
164.54 1
164.56 1
164.58 1
164.60 1
164.62 1
164.64 1
164.66 1
164.68 1
164.70 1
164.72 1
164.74 1
164.76 1
164.78 2
164.80 2
164.82 2
164.84 2
164.86 2
164.88 2
164.90 2
164.92 2
164.94 2
164.96 2
164.98 2
165.00 2
165.02 2
165.04 2
165.06 2
165.08 2
165.10 2
165.12 2
165.14 2
165.16 2
165.18 2
165.20 2
165.22 2
165.24 3
165.26 3
165.28 3
165.30 3
165.32 3
165.34 3
165.36 3
165.38 3
165.40 3
165.42 3
165.44 3
165.46 3
165.48 3
165.50 3
165.52 3
165.54 3
165.56 3
165.58 3
165.60 3
165.62 3
165.64 3
165.66 3
165.68 3
165.70 4
165.72 4
165.74 4
165.76 4
165.78 4
165.80 4
165.82 4
165.84 4
165.86 4
165.88 4
165.90 4
165.92 4
165.94 4
165.96 4
165.98 4
166.00 4
166.02 4
166.04 4
166.06 4
166.08 4
166.10 4
166.12 4
166.14 4
166.16 1
166.18 1
166.20 1
166.22 1
166.24 1
166.26 1
166.28 1
166.30 1
166.32 1
166.34 1
166.36 1
166.38 1
166.40 1
166.42 1
166.44 1
166.46 1
166.48 1
166.50 1
166.52 1
166.54 1
166.56 1
166.58 1
166.60 1
166.62 2
166.64 2
166.66 2
166.68 2
166.70 2
166.72 2
166.74 2
166.76 2
166.78 2
166.80 2
166.82 2
166.84 2
166.86 2
166.88 2
166.90 2
166.92 2
166.94 2
166.96 2
166.98 2
167.00 2
167.02 2
167.04 2
167.06 2
167.08 3
167.10 3
167.12 3
167.14 3
167.16 3
167.18 3
167.20 3
167.22 3
167.24 3
167.26 3
167.28 3
167.30 3
167.32 3
167.34 3
167.36 3
167.38 3
167.40 3
167.42 3
167.44 3
167.46 3
167.48 3
167.50 3
167.52 3
167.54 4
167.56 4
167.58 4
167.60 4
167.62 4
167.64 4
167.66 4
167.68 4
167.70 4
167.72 4
167.74 4
167.76 4
167.78 4
167.80 4
167.82 4
167.84 4
167.86 4
167.88 4
167.90 4
167.92 4
167.94 4
167.96 4
167.98 4
168.00 1
168.02 1
168.04 1
168.06 1
168.08 1
168.10 1
168.12 1
168.14 1
168.16 1
168.18 1
168.20 1
168.22 1
168.24 1
168.26 1
168.28 1
168.30 1
168.32 1
168.34 1
168.36 1
168.38 1
168.40 1
168.42 1
168.44 1
168.46 1
168.48 2
168.50 2
168.52 2
168.54 2
168.56 2
168.58 2
168.60 2
168.62 2
168.64 2
168.66 2
168.68 2
168.70 2
168.72 2
168.74 2
168.76 2
168.78 2
168.80 2
168.82 2
168.84 2
168.86 2
168.88 2
168.90 2
168.92 2
168.94 3
168.96 3
168.98 3
169.00 3
169.02 3
169.04 3
169.06 3
169.08 3
169.10 3
169.12 3
169.14 3
169.16 3
169.18 3
169.20 3
169.22 3
169.24 3
169.26 3
169.28 3
169.30 3
169.32 3
169.34 3
169.36 3
169.38 3
169.40 4
169.42 4
169.44 4
169.46 4
169.48 4
169.50 4
169.52 4
169.54 4
169.56 4
169.58 4
169.60 4
169.62 4
169.64 4
169.66 4
169.68 4
169.70 4
169.72 4
169.74 4
169.76 4
169.78 4
169.80 4
169.82 4
169.84 4
169.86 1
169.88 1
169.90 1
169.92 1
169.94 1
169.96 1
169.98 1
170.00 1
170.02 1
170.04 1
170.06 1
170.08 1
170.10 1
170.12 1
170.14 1
170.16 1
170.18 1
170.20 1
170.22 1
170.24 1
170.26 1
170.28 1
170.30 1
170.32 2
170.34 2
170.36 2
170.38 2
170.40 2
170.42 2
170.44 2
170.46 2
170.48 2
170.50 2
170.52 2
170.54 2
170.56 2
170.58 2
170.60 2
170.62 2
170.64 2
170.66 2
170.68 2
170.70 2
170.72 2
170.74 2
170.76 2
170.78 3
170.80 3
170.82 3
170.84 3
170.86 3
170.88 3
170.90 3
170.92 3
170.94 3
170.96 3
170.98 3
171.00 3
171.02 3
171.04 3
171.06 3
171.08 3
171.10 3
171.12 3
171.14 3
171.16 3
171.18 3
171.20 3
171.22 3
171.24 4
171.26 4
171.28 4
171.30 4
171.32 4
171.34 4
171.36 4
171.38 4
171.40 4
171.42 4
171.44 4
171.46 4
171.48 4
171.50 4
171.52 4
171.54 4
171.56 4
171.58 4
171.60 4
171.62 4
171.64 4
171.66 4
171.68 4
171.70 1
171.72 1
171.74 1
171.76 1
171.78 1
171.80 1
171.82 1
171.84 1
171.86 1
171.88 1
171.90 1
171.92 1
171.94 1
171.96 1
171.98 1
172.00 1
172.02 1
172.04 1
172.06 1
172.08 1
172.10 1
172.12 1
172.14 1
172.16 2
172.18 2
172.20 2
172.22 2
172.24 2
172.26 2
172.28 2
172.30 2
172.32 2
172.34 2
172.36 2
172.38 2
172.40 2
172.42 2
172.44 2
172.46 2
172.48 2
172.50 2
172.52 2
172.54 2
172.56 2
172.58 2
172.60 2
172.62 3
172.64 3
172.66 3
172.68 3
172.70 3
172.72 3
172.74 3
172.76 3
172.78 3
172.80 3
172.82 3
172.84 3
172.86 3
172.88 3
172.90 3
172.92 3
172.94 3
172.96 3
172.98 3
173.00 3
173.02 3
173.04 3
173.06 3
173.08 4
173.10 4
173.12 4
173.14 4
173.16 4
173.18 4
173.20 4
173.22 4
173.24 4
173.26 4
173.28 4
173.30 4
173.32 4
173.34 4
173.36 4
173.38 4
173.40 4
173.42 4
173.44 4
173.46 4
173.48 4
173.50 4
173.52 4
173.54 1
173.56 1
173.58 1
173.60 1
173.62 1
173.64 1
173.66 1
173.68 1
173.70 1
173.72 1
173.74 1
173.76 1
173.78 1
173.80 1
173.82 1
173.84 1
173.86 1
173.88 1
173.90 1
173.92 1
173.94 1
173.96 1
173.98 1
174.00 2
174.02 2
174.04 2
174.06 2
174.08 2
174.10 2
174.12 2
174.14 2
174.16 2
174.18 2
174.20 2
174.22 2
174.24 2
174.26 2
174.28 2
174.30 2
174.32 2
174.34 2
174.36 2
174.38 2
174.40 2
174.42 2
174.44 2
174.46 2
174.48 3
174.50 3
174.52 3
174.54 3
174.56 3
174.58 3
174.60 3
174.62 3
174.64 3
174.66 3
174.68 3
174.70 3
174.72 3
174.74 3
174.76 3
174.78 3
174.80 3
174.82 3
174.84 3
174.86 3
174.88 3
174.90 3
174.92 3
174.94 4
174.96 4
174.98 4
175.00 4
175.02 4
175.04 4
175.06 4
175.08 4
175.10 4
175.12 4
175.14 4
175.16 4
175.18 4
175.20 4
175.22 4
175.24 4
175.26 4
175.28 4
175.30 4
175.32 4
175.34 4
175.36 4
175.38 4
175.40 1
175.42 1
175.44 1
175.46 1
175.48 1
175.50 1
175.52 1
175.54 1
175.56 1
175.58 1
175.60 1
175.62 1
175.64 1
175.66 1
175.68 1
175.70 1
175.72 1
175.74 1
175.76 1
175.78 1
175.80 1
175.82 1
175.84 1
175.86 2
175.88 2
175.90 2
175.92 2
175.94 2
175.96 2
175.98 2
176.00 2
176.02 2
176.04 2
176.06 2
176.08 2
176.10 2
176.12 2
176.14 2
176.16 2
176.18 2
176.20 2
176.22 2
176.24 2
176.26 2
176.28 2
176.30 2
176.32 3
176.34 3
176.36 3
176.38 3
176.40 3
176.42 3
176.44 3
176.46 3
176.48 3
176.50 3
176.52 3
176.54 3
176.56 3
176.58 3
176.60 3
176.62 3
176.64 3
176.66 3
176.68 3
176.70 3
176.72 3
176.74 3
176.76 3
176.78 4
176.80 4
176.82 4
176.84 4
176.86 4
176.88 4
176.90 4
176.92 4
176.94 4
176.96 4
176.98 4
177.00 4
177.02 4
177.04 4
177.06 4
177.08 4
177.10 4
177.12 4
177.14 4
177.16 4
177.18 4
177.20 4
177.22 4
177.24 1
177.26 1
177.28 1
177.30 1
177.32 1
177.34 1
177.36 1
177.38 1
177.40 1
177.42 1
177.44 1
177.46 1
177.48 1
177.50 1
177.52 1
177.54 1
177.56 1
177.58 1
177.60 1
177.62 1
177.64 1
177.66 1
177.68 1
177.70 2
177.72 2
177.74 2
177.76 2
177.78 2
177.80 2
177.82 2
177.84 2
177.86 2
177.88 2
177.90 2
177.92 2
177.94 2
177.96 2
177.98 2
178.00 2
178.02 2
178.04 2
178.06 2
178.08 2
178.10 2
178.12 2
178.14 2
178.16 3
178.18 3
178.20 3
178.22 3
178.24 3
178.26 3
178.28 3
178.30 3
178.32 3
178.34 3
178.36 3
178.38 3
178.40 3
178.42 3
178.44 3
178.46 3
178.48 3
178.50 3
178.52 3
178.54 3
178.56 3
178.58 3
178.60 3
178.62 4
178.64 4
178.66 4
178.68 4
178.70 4
178.72 4
178.74 4
178.76 4
178.78 4
178.80 4
178.82 4
178.84 4
178.86 4
178.88 4
178.90 4
178.92 4
178.94 4
178.96 4
178.98 4
179.00 4
179.02 4
179.04 4
179.06 4
179.08 1
179.10 1
179.12 1
179.14 1
179.16 1
179.18 1
179.20 1
179.22 1
179.24 1
179.26 1
179.28 1
179.30 1
179.32 1
179.34 1
179.36 1
179.38 1
179.40 1
179.42 1
179.44 1
179.46 1
179.48 1
179.50 1
179.52 1
179.54 2
179.56 2
179.58 2
179.60 2
179.62 2
179.64 2
179.66 2
179.68 2
179.70 2
179.72 2
179.74 2
179.76 2
179.78 2
179.80 2
179.82 2
179.84 2
179.86 2
179.88 2
179.90 2
179.92 2
179.94 2
179.96 2
179.98 2
180.00 3
180.02 3
180.04 3
180.06 3
180.08 3
180.10 3
180.12 3
180.14 3
180.16 3
180.18 3
180.20 3
180.22 3
180.24 3
180.26 3
180.28 3
180.30 3
180.32 3
180.34 3
180.36 3
180.38 3
180.40 3
180.42 3
180.44 3
180.46 3
180.48 4
180.50 4
180.52 4
180.54 4
180.56 4
180.58 4
180.60 4
180.62 4
180.64 4
180.66 4
180.68 4
180.70 4
180.72 4
180.74 4
180.76 4
180.78 4
180.80 4
180.82 4
180.84 4
180.86 4
180.88 4
180.90 4
180.92 4
180.94 1
180.96 1
180.98 1
181.00 1
181.02 1
181.04 1
181.06 1
181.08 1
181.10 1
181.12 1
181.14 1
181.16 1
181.18 1
181.20 1
181.22 1
181.24 1
181.26 1
181.28 1
181.30 1
181.32 1
181.34 1
181.36 1
181.38 1
181.40 2
181.42 2
181.44 2
181.46 2
181.48 2
181.50 2
181.52 2
181.54 2
181.56 2
181.58 2
181.60 2
181.62 2
181.64 2
181.66 2
181.68 2
181.70 2
181.72 2
181.74 2
181.76 2
181.78 2
181.80 2
181.82 2
181.84 2
181.86 3
181.88 3
181.90 3
181.92 3
181.94 3
181.96 3
181.98 3
182.00 3
182.02 3
182.04 3
182.06 3
182.08 3
182.10 3
182.12 3
182.14 3
182.16 3
182.18 3
182.20 3
182.22 3
182.24 3
182.26 3
182.28 3
182.30 3
182.32 4
182.34 4
182.36 4
182.38 4
182.40 4
182.42 4
182.44 4
182.46 4
182.48 4
182.50 4
182.52 4
182.54 4
182.56 4
182.58 4
182.60 4
182.62 4
182.64 4
182.66 4
182.68 4
182.70 4
182.72 4
182.74 4
182.76 4
182.78 1
182.80 1
182.82 1
182.84 1
182.86 1
182.88 1
182.90 1
182.92 1
182.94 1
182.96 1
182.98 1
183.00 1
183.02 1
183.04 1
183.06 1
183.08 1
183.10 1
183.12 1
183.14 1
183.16 1
183.18 1
183.20 1
183.22 1
183.24 2
183.26 2
183.28 2
183.30 2
183.32 2
183.34 2
183.36 2
183.38 2
183.40 2
183.42 2
183.44 2
183.46 2
183.48 2
183.50 2
183.52 2
183.54 2
183.56 2
183.58 2
183.60 2
183.62 2
183.64 2
183.66 2
183.68 2
183.70 3
183.72 3
183.74 3
183.76 3
183.78 3
183.80 3
183.82 3
183.84 3
183.86 3
183.88 3
183.90 3
183.92 3
183.94 3
183.96 3
183.98 3
184.00 3
184.02 3
184.04 3
184.06 3
184.08 3
184.10 3
184.12 3
184.14 3
184.16 4
184.18 4
184.20 4
184.22 4
184.24 4
184.26 4
184.28 4
184.30 4
184.32 4
184.34 4
184.36 4
184.38 4
184.40 4
184.42 4
184.44 4
184.46 4
184.48 4
184.50 4
184.52 4
184.54 4
184.56 4
184.58 4
184.60 4
184.62 1
184.64 1
184.66 1
184.68 1
184.70 1
184.72 1
184.74 1
184.76 1
184.78 1
184.80 1
184.82 1
184.84 1
184.86 1
184.88 1
184.90 1
184.92 1
184.94 1
184.96 1
184.98 1
185.00 1
185.02 1
185.04 1
185.06 1
185.08 2
185.10 2
185.12 2
185.14 2
185.16 2
185.18 2
185.20 2
185.22 2
185.24 2
185.26 2
185.28 2
185.30 2
185.32 2
185.34 2
185.36 2
185.38 2
185.40 2
185.42 2
185.44 2
185.46 2
185.48 2
185.50 2
185.52 2
185.54 3
185.56 3
185.58 3
185.60 3
185.62 3
185.64 3
185.66 3
185.68 3
185.70 3
185.72 3
185.74 3
185.76 3
185.78 3
185.80 3
185.82 3
185.84 3
185.86 3
185.88 3
185.90 3
185.92 3
185.94 3
185.96 3
185.98 3
186.00 4
186.02 4
186.04 4
186.06 4
186.08 4
186.10 4
186.12 4
186.14 4
186.16 4
186.18 4
186.20 4
186.22 4
186.24 4
186.26 4
186.28 4
186.30 4
186.32 4
186.34 4
186.36 4
186.38 4
186.40 4
186.42 4
186.44 4
186.46 4
186.48 1
186.50 1
186.52 1
186.54 1
186.56 1
186.58 1
186.60 1
186.62 1
186.64 1
186.66 1
186.68 1
186.70 1
186.72 1
186.74 1
186.76 1
186.78 1
186.80 1
186.82 1
186.84 1
186.86 1
186.88 1
186.90 1
186.92 1
186.94 2
186.96 2
186.98 2
187.00 2
187.02 2
187.04 2
187.06 2
187.08 2
187.10 2
187.12 2
187.14 2
187.16 2
187.18 2
187.20 2
187.22 2
187.24 2
187.26 2
187.28 2
187.30 2
187.32 2
187.34 2
187.36 2
187.38 2
187.40 3
187.42 3
187.44 3
187.46 3
187.48 3
187.50 3
187.52 3
187.54 3
187.56 3
187.58 3
187.60 3
187.62 3
187.64 3
187.66 3
187.68 3
187.70 3
187.72 3
187.74 3
187.76 3
187.78 3
187.80 3
187.82 3
187.84 3
187.86 4
187.88 4
187.90 4
187.92 4
187.94 4
187.96 4
187.98 4
188.00 4
188.02 4
188.04 4
188.06 4
188.08 4
188.10 4
188.12 4
188.14 4
188.16 4
188.18 4
188.20 4
188.22 4
188.24 4
188.26 4
188.28 4
188.30 4
188.32 1
188.34 1
188.36 1
188.38 1
188.40 1
188.42 1
188.44 1
188.46 1
188.48 1
188.50 1
188.52 1
188.54 1
188.56 1
188.58 1
188.60 1
188.62 1
188.64 1
188.66 1
188.68 1
188.70 1
188.72 1
188.74 1
188.76 1
188.78 2
188.80 2
188.82 2
188.84 2
188.86 2
188.88 2
188.90 2
188.92 2
188.94 2
188.96 2
188.98 2
189.00 2
189.02 2
189.04 2
189.06 2
189.08 2
189.10 2
189.12 2
189.14 2
189.16 2
189.18 2
189.20 2
189.22 2
189.24 3
189.26 3
189.28 3
189.30 3
189.32 3
189.34 3
189.36 3
189.38 3
189.40 3
189.42 3
189.44 3
189.46 3
189.48 3
189.50 3
189.52 3
189.54 3
189.56 3
189.58 3
189.60 3
189.62 3
189.64 3
189.66 3
189.68 3
189.70 4
189.72 4
189.74 4
189.76 4
189.78 4
189.80 4
189.82 4
189.84 4
189.86 4
189.88 4
189.90 4
189.92 4
189.94 4
189.96 4
189.98 4
190.00 4
190.02 4
190.04 4
190.06 4
190.08 4
190.10 4
190.12 4
190.14 4
190.16 1
190.18 1
190.20 1
190.22 1
190.24 1
190.26 1
190.28 1
190.30 1
190.32 1
190.34 1
190.36 1
190.38 1
190.40 1
190.42 1
190.44 1
190.46 1
190.48 1
190.50 1
190.52 1
190.54 1
190.56 1
190.58 1
190.60 1
190.62 2
190.64 2
190.66 2
190.68 2
190.70 2
190.72 2
190.74 2
190.76 2
190.78 2
190.80 2
190.82 2
190.84 2
190.86 2
190.88 2
190.90 2
190.92 2
190.94 2
190.96 2
190.98 2
191.00 2
191.02 2
191.04 2
191.06 2
191.08 3
191.10 3
191.12 3
191.14 3
191.16 3
191.18 3
191.20 3
191.22 3
191.24 3
191.26 3
191.28 3
191.30 3
191.32 3
191.34 3
191.36 3
191.38 3
191.40 3
191.42 3
191.44 3
191.46 3
191.48 3
191.50 3
191.52 3
191.54 4
191.56 4
191.58 4
191.60 4
191.62 4
191.64 4
191.66 4
191.68 4
191.70 4
191.72 4
191.74 4
191.76 4
191.78 4
191.80 4
191.82 4
191.84 4
191.86 4
191.88 4
191.90 4
191.92 4
191.94 4
191.96 4
191.98 4
192.00 1
192.02 1
192.04 1
192.06 1
192.08 1
192.10 1
192.12 1
192.14 1
192.16 1
192.18 1
192.20 1
192.22 1
192.24 1
192.26 1
192.28 1
192.30 1
192.32 1
192.34 1
192.36 1
192.38 1
192.40 1
192.42 1
192.44 1
192.46 1
192.48 2
192.50 2
192.52 2
192.54 2
192.56 2
192.58 2
192.60 2
192.62 2
192.64 2
192.66 2
192.68 2
192.70 2
192.72 2
192.74 2
192.76 2
192.78 2
192.80 2
192.82 2
192.84 2
192.86 2
192.88 2
192.90 2
192.92 2
192.94 3
192.96 3
192.98 3
193.00 3
193.02 3
193.04 3
193.06 3
193.08 3
193.10 3
193.12 3
193.14 3
193.16 3
193.18 3
193.20 3
193.22 3
193.24 3
193.26 3
193.28 3
193.30 3
193.32 3
193.34 3
193.36 3
193.38 3
193.40 4
193.42 4
193.44 4
193.46 4
193.48 4
193.50 4
193.52 4
193.54 4
193.56 4
193.58 4
193.60 4
193.62 4
193.64 4
193.66 4
193.68 4
193.70 4
193.72 4
193.74 4
193.76 4
193.78 4
193.80 4
193.82 4
193.84 4
193.86 1
193.88 1
193.90 1
193.92 1
193.94 1
193.96 1
193.98 1
194.00 1
194.02 1
194.04 1
194.06 1
194.08 1
194.10 1
194.12 1
194.14 1
194.16 1
194.18 1
194.20 1
194.22 1
194.24 1
194.26 1
194.28 1
194.30 1
194.32 2
194.34 2
194.36 2
194.38 2
194.40 2
194.42 2
194.44 2
194.46 2
194.48 2
194.50 2
194.52 2
194.54 2
194.56 2
194.58 2
194.60 2
194.62 2
194.64 2
194.66 2
194.68 2
194.70 2
194.72 2
194.74 2
194.76 2
194.78 3
194.80 3
194.82 3
194.84 3
194.86 3
194.88 3
194.90 3
194.92 3
194.94 3
194.96 3
194.98 3
195.00 3
195.02 3
195.04 3
195.06 3
195.08 3
195.10 3
195.12 3
195.14 3
195.16 3
195.18 3
195.20 3
195.22 3
195.24 4
195.26 4
195.28 4
195.30 4
195.32 4
195.34 4
195.36 4
195.38 4
195.40 4
195.42 4
195.44 4
195.46 4
195.48 4
195.50 4
195.52 4
195.54 4
195.56 4
195.58 4
195.60 4
195.62 4
195.64 4
195.66 4
195.68 4
195.70 1
195.72 1
195.74 1
195.76 1
195.78 1
195.80 1
195.82 1
195.84 1
195.86 1
195.88 1
195.90 1
195.92 1
195.94 1
195.96 1
195.98 1
196.00 1
196.02 1
196.04 1
196.06 1
196.08 1
196.10 1
196.12 1
196.14 1
196.16 2
196.18 2
196.20 2
196.22 2
196.24 2
196.26 2
196.28 2
196.30 2
196.32 2
196.34 2
196.36 2
196.38 2
196.40 2
196.42 2
196.44 2
196.46 2
196.48 2
196.50 2
196.52 2
196.54 2
196.56 2
196.58 2
196.60 2
196.62 3
196.64 3
196.66 3
196.68 3
196.70 3
196.72 3
196.74 3
196.76 3
196.78 3
196.80 3
196.82 3
196.84 3
196.86 3
196.88 3
196.90 3
196.92 3
196.94 3
196.96 3
196.98 3
197.00 3
197.02 3
197.04 3
197.06 3
197.08 4
197.10 4
197.12 4
197.14 4
197.16 4
197.18 4
197.20 4
197.22 4
197.24 4
197.26 4
197.28 4
197.30 4
197.32 4
197.34 4
197.36 4
197.38 4
197.40 4
197.42 4
197.44 4
197.46 4
197.48 4
197.50 4
197.52 4
197.54 1
197.56 1
197.58 1
197.60 1
197.62 1
197.64 1
197.66 1
197.68 1
197.70 1
197.72 1
197.74 1
197.76 1
197.78 1
197.80 1
197.82 1
197.84 1
197.86 1
197.88 1
197.90 1
197.92 1
197.94 1
197.96 1
197.98 1
198.00 2
198.02 2
198.04 2
198.06 2
198.08 2
198.10 2
198.12 2
198.14 2
198.16 2
198.18 2
198.20 2
198.22 2
198.24 2
198.26 2
198.28 2
198.30 2
198.32 2
198.34 2
198.36 2
198.38 2
198.40 2
198.42 2
198.44 2
198.46 2
198.48 3
198.50 3
198.52 3
198.54 3
198.56 3
198.58 3
198.60 3
198.62 3
198.64 3
198.66 3
198.68 3
198.70 3
198.72 3
198.74 3
198.76 3
198.78 3
198.80 3
198.82 3
198.84 3
198.86 3
198.88 3
198.90 3
198.92 3
198.94 4
198.96 4
198.98 4
199.00 4
199.02 4
199.04 4
199.06 4
199.08 4
199.10 4
199.12 4
199.14 4
199.16 4
199.18 4
199.20 4
199.22 4
199.24 4
199.26 4
199.28 4
199.30 4
199.32 4
199.34 4
199.36 4
199.38 4
199.40 1
199.42 1
199.44 1
199.46 1
199.48 1
199.50 1
199.52 1
199.54 1
199.56 1
199.58 1
199.60 1
199.62 1
199.64 1
199.66 1
199.68 1
199.70 1
199.72 1
199.74 1
199.76 1
199.78 1
199.80 1
199.82 1
199.84 1
199.86 2
199.88 2
199.90 2
199.92 2
199.94 2
199.96 2
199.98 2
200.00 2
200.02 2
200.04 2
200.06 2
200.08 2
200.10 2
200.12 2
200.14 2
200.16 2
200.18 2
200.20 2
200.22 2
200.24 2
200.26 2
200.28 2
200.30 2
200.32 3
200.34 3
200.36 3
200.38 3
200.40 3
200.42 3
200.44 3
200.46 3
200.48 3
200.50 3
200.52 3
200.54 3
200.56 3
200.58 3
200.60 3
200.62 3
200.64 3
200.66 3
200.68 3
200.70 3
200.72 3
200.74 3
200.76 3
200.78 4
200.80 4
200.82 4
200.84 4
200.86 4
200.88 4
200.90 4
200.92 4
200.94 4
200.96 4
200.98 4
201.00 4
201.02 4
201.04 4
201.06 4
201.08 4
201.10 4
201.12 4
201.14 4
201.16 4
201.18 4
201.20 4
201.22 4
201.24 1
201.26 1
201.28 1
201.30 1
201.32 1
201.34 1
201.36 1
201.38 1
201.40 1
201.42 1
201.44 1
201.46 1
201.48 1
201.50 1
201.52 1
201.54 1
201.56 1
201.58 1
201.60 1
201.62 1
201.64 1
201.66 1
201.68 1
201.70 2
201.72 2
201.74 2
201.76 2
201.78 2
201.80 2
201.82 2
201.84 2
201.86 2
201.88 2
201.90 2
201.92 2
201.94 2
201.96 2
201.98 2
202.00 2
202.02 2
202.04 2
202.06 2
202.08 2
202.10 2
202.12 2
202.14 2
202.16 3
202.18 3
202.20 3
202.22 3
202.24 3
202.26 3
202.28 3
202.30 3
202.32 3
202.34 3
202.36 3
202.38 3
202.40 3
202.42 3
202.44 3
202.46 3
202.48 3
202.50 3
202.52 3
202.54 3
202.56 3
202.58 3
202.60 3
202.62 4
202.64 4
202.66 4
202.68 4
202.70 4
202.72 4
202.74 4
202.76 4
202.78 4
202.80 4
202.82 4
202.84 4
202.86 4
202.88 4
202.90 4
202.92 4
202.94 4
202.96 4
202.98 4
203.00 4
203.02 4
203.04 4
203.06 4
203.08 1
203.10 1
203.12 1
203.14 1
203.16 1
203.18 1
203.20 1
203.22 1
203.24 1
203.26 1
203.28 1
203.30 1
203.32 1
203.34 1
203.36 1
203.38 1
203.40 1
203.42 1
203.44 1
203.46 1
203.48 1
203.50 1
203.52 1
203.54 2
203.56 2
203.58 2
203.60 2
203.62 2
203.64 2
203.66 2
203.68 2
203.70 2
203.72 2
203.74 2
203.76 2
203.78 2
203.80 2
203.82 2
203.84 2
203.86 2
203.88 2
203.90 2
203.92 2
203.94 2
203.96 2
203.98 2
204.00 3
204.02 3
204.04 3
204.06 3
204.08 3
204.10 3
204.12 3
204.14 3
204.16 3
204.18 3
204.20 3
204.22 3
204.24 3
204.26 3
204.28 3
204.30 3
204.32 3
204.34 3
204.36 3
204.38 3
204.40 3
204.42 3
204.44 3
204.46 3
204.48 4
204.50 4
204.52 4
204.54 4
204.56 4
204.58 4
204.60 4
204.62 4
204.64 4
204.66 4
204.68 4
204.70 4
204.72 4
204.74 4
204.76 4
204.78 4
204.80 4
204.82 4
204.84 4
204.86 4
204.88 4
204.90 4
204.92 4
204.94 1
204.96 1
204.98 1
205.00 1
205.02 1
205.04 1
205.06 1
205.08 1
205.10 1
205.12 1
205.14 1
205.16 1
205.18 1
205.20 1
205.22 1
205.24 1
205.26 1
205.28 1
205.30 1
205.32 1
205.34 1
205.36 1
205.38 1
205.40 2
205.42 2
205.44 2
205.46 2
205.48 2
205.50 2
205.52 2
205.54 2
205.56 2
205.58 2
205.60 2
205.62 2
205.64 2
205.66 2
205.68 2
205.70 2
205.72 2
205.74 2
205.76 2
205.78 2
205.80 2
205.82 2
205.84 2
205.86 3
205.88 3
205.90 3
205.92 3
205.94 3
205.96 3
205.98 3
206.00 3
206.02 3
206.04 3
206.06 3
206.08 3
206.10 3
206.12 3
206.14 3
206.16 3
206.18 3
206.20 3
206.22 3
206.24 3
206.26 3
206.28 3
206.30 3
206.32 4
206.34 4
206.36 4
206.38 4
206.40 4
206.42 4
206.44 4
206.46 4
206.48 4
206.50 4
206.52 4
206.54 4
206.56 4
206.58 4
206.60 4
206.62 4
206.64 4
206.66 4
206.68 4
206.70 4
206.72 4
206.74 4
206.76 4
206.78 1
206.80 1
206.82 1
206.84 1
206.86 1
206.88 1
206.90 1
206.92 1
206.94 1
206.96 1
206.98 1
207.00 1
207.02 1
207.04 1
207.06 1
207.08 1
207.10 1
207.12 1
207.14 1
207.16 1
207.18 1
207.20 1
207.22 1
207.24 2
207.26 2
207.28 2
207.30 2
207.32 2
207.34 2
207.36 2
207.38 2
207.40 2
207.42 2
207.44 2
207.46 2
207.48 2
207.50 2
207.52 2
207.54 2
207.56 2
207.58 2
207.60 2
207.62 2
207.64 2
207.66 2
207.68 2
207.70 3
207.72 3
207.74 3
207.76 3
207.78 3
207.80 3
207.82 3
207.84 3
207.86 3
207.88 3
207.90 3
207.92 3
207.94 3
207.96 3
207.98 3
208.00 3
208.02 3
208.04 3
208.06 3
208.08 3
208.10 3
208.12 3
208.14 3
208.16 4
208.18 4
208.20 4
208.22 4
208.24 4
208.26 4
208.28 4
208.30 4
208.32 4
208.34 4
208.36 4
208.38 4
208.40 4
208.42 4
208.44 4
208.46 4
208.48 4
208.50 4
208.52 4
208.54 4
208.56 4
208.58 4
208.60 4
208.62 1
208.64 1
208.66 1
208.68 1
208.70 1
208.72 1
208.74 1
208.76 1
208.78 1
208.80 1
208.82 1
208.84 1
208.86 1
208.88 1
208.90 1
208.92 1
208.94 1
208.96 1
208.98 1
209.00 1
209.02 1
209.04 1
209.06 1
209.08 2
209.10 2
209.12 2
209.14 2
209.16 2
209.18 2
209.20 2
209.22 2
209.24 2
209.26 2
209.28 2
209.30 2
209.32 2
209.34 2
209.36 2
209.38 2
209.40 2
209.42 2
209.44 2
209.46 2
209.48 2
209.50 2
209.52 2
209.54 3
209.56 3
209.58 3
209.60 3
209.62 3
209.64 3
209.66 3
209.68 3
209.70 3
209.72 3
209.74 3
209.76 3
209.78 3
209.80 3
209.82 3
209.84 3
209.86 3
209.88 3
209.90 3
209.92 3
209.94 3
209.96 3
209.98 3
210.00 4
210.02 4
210.04 4
210.06 4
210.08 4
210.10 4
210.12 4
210.14 4
210.16 4
210.18 4
210.20 4
210.22 4
210.24 4
210.26 4
210.28 4
210.30 4
210.32 4
210.34 4
210.36 4
210.38 4
210.40 4
210.42 4
210.44 4
210.46 4
210.48 1
210.50 1
210.52 1
210.54 1
210.56 1
210.58 1
210.60 1
210.62 1
210.64 1
210.66 1
210.68 1
210.70 1
210.72 1
210.74 1
210.76 1
210.78 1
210.80 1
210.82 1
210.84 1
210.86 1
210.88 1
210.90 1
210.92 1
210.94 2
210.96 2
210.98 2
211.00 2
211.02 2
211.04 2
211.06 2
211.08 2
211.10 2
211.12 2
211.14 2
211.16 2
211.18 2
211.20 2
211.22 2
211.24 2
211.26 2
211.28 2
211.30 2
211.32 2
211.34 2
211.36 2
211.38 2
211.40 3
211.42 3
211.44 3
211.46 3
211.48 3
211.50 3
211.52 3
211.54 3
211.56 3
211.58 3
211.60 3
211.62 3
211.64 3
211.66 3
211.68 3
211.70 3
211.72 3
211.74 3
211.76 3
211.78 3
211.80 3
211.82 3
211.84 3
211.86 4
211.88 4
211.90 4
211.92 4
211.94 4
211.96 4
211.98 4
212.00 4
212.02 4
212.04 4
212.06 4
212.08 4
212.10 4
212.12 4
212.14 4
212.16 4
212.18 4
212.20 4
212.22 4
212.24 4
212.26 4
212.28 4
212.30 4
212.32 1
212.34 1
212.36 1
212.38 1
212.40 1
212.42 1
212.44 1
212.46 1
212.48 1
212.50 1
212.52 1
212.54 1
212.56 1
212.58 1
212.60 1
212.62 1
212.64 1
212.66 1
212.68 1
212.70 1
212.72 1
212.74 1
212.76 1
212.78 2
212.80 2
212.82 2
212.84 2
212.86 2
212.88 2
212.90 2
212.92 2
212.94 2
212.96 2
212.98 2
213.00 2
213.02 2
213.04 2
213.06 2
213.08 2
213.10 2
213.12 2
213.14 2
213.16 2
213.18 2
213.20 2
213.22 2
213.24 3
213.26 3
213.28 3
213.30 3
213.32 3
213.34 3
213.36 3
213.38 3
213.40 3
213.42 3
213.44 3
213.46 3
213.48 3
213.50 3
213.52 3
213.54 3
213.56 3
213.58 3
213.60 3
213.62 3
213.64 3
213.66 3
213.68 3
213.70 4
213.72 4
213.74 4
213.76 4
213.78 4
213.80 4
213.82 4
213.84 4
213.86 4
213.88 4
213.90 4
213.92 4
213.94 4
213.96 4
213.98 4
214.00 4
214.02 4
214.04 4
214.06 4
214.08 4
214.10 4
214.12 4
214.14 4
214.16 1
214.18 1
214.20 1
214.22 1
214.24 1
214.26 1
214.28 1
214.30 1
214.32 1
214.34 1
214.36 1
214.38 1
214.40 1
214.42 1
214.44 1
214.46 1
214.48 1
214.50 1
214.52 1
214.54 1
214.56 1
214.58 1
214.60 1
214.62 2
214.64 2
214.66 2
214.68 2
214.70 2
214.72 2
214.74 2
214.76 2
214.78 2
214.80 2
214.82 2
214.84 2
214.86 2
214.88 2
214.90 2
214.92 2
214.94 2
214.96 2
214.98 2
215.00 2
215.02 2
215.04 2
215.06 2
215.08 3
215.10 3
215.12 3
215.14 3
215.16 3
215.18 3
215.20 3
215.22 3
215.24 3
215.26 3
215.28 3
215.30 3
215.32 3
215.34 3
215.36 3
215.38 3
215.40 3
215.42 3
215.44 3
215.46 3
215.48 3
215.50 3
215.52 3
215.54 4
215.56 4
215.58 4
215.60 4
215.62 4
215.64 4
215.66 4
215.68 4
215.70 4
215.72 4
215.74 4
215.76 4
215.78 4
215.80 4
215.82 4
215.84 4
215.86 4
215.88 4
215.90 4
215.92 4
215.94 4
215.96 4
215.98 4
216.00 1
216.02 1
216.04 1
216.06 1
216.08 1
216.10 1
216.12 1
216.14 1
216.16 1
216.18 1
216.20 1
216.22 1
216.24 1
216.26 1
216.28 1
216.30 1
216.32 1
216.34 1
216.36 1
216.38 1
216.40 1
216.42 1
216.44 1
216.46 1
216.48 2
216.50 2
216.52 2
216.54 2
216.56 2
216.58 2
216.60 2
216.62 2
216.64 2
216.66 2
216.68 2
216.70 2
216.72 2
216.74 2
216.76 2
216.78 2
216.80 2
216.82 2
216.84 2
216.86 2
216.88 2
216.90 2
216.92 2
216.94 3
216.96 3
216.98 3
217.00 3
217.02 3
217.04 3
217.06 3
217.08 3
217.10 3
217.12 3
217.14 3
217.16 3
217.18 3
217.20 3
217.22 3
217.24 3
217.26 3
217.28 3
217.30 3
217.32 3
217.34 3
217.36 3
217.38 3
217.40 4
217.42 4
217.44 4
217.46 4
217.48 4
217.50 4
217.52 4
217.54 4
217.56 4
217.58 4
217.60 4
217.62 4
217.64 4
217.66 4
217.68 4
217.70 4
217.72 4
217.74 4
217.76 4
217.78 4
217.80 4
217.82 4
217.84 4
217.86 1
217.88 1
217.90 1
217.92 1
217.94 1
217.96 1
217.98 1
218.00 1
218.02 1
218.04 1
218.06 1
218.08 1
218.10 1
218.12 1
218.14 1
218.16 1
218.18 1
218.20 1
218.22 1
218.24 1
218.26 1
218.28 1
218.30 1
218.32 2
218.34 2
218.36 2
218.38 2
218.40 2
218.42 2
218.44 2
218.46 2
218.48 2
218.50 2
218.52 2
218.54 2
218.56 2
218.58 2
218.60 2
218.62 2
218.64 2
218.66 2
218.68 2
218.70 2
218.72 2
218.74 2
218.76 2
218.78 3
218.80 3
218.82 3
218.84 3
218.86 3
218.88 3
218.90 3
218.92 3
218.94 3
218.96 3
218.98 3
219.00 3
219.02 3
219.04 3
219.06 3
219.08 3
219.10 3
219.12 3
219.14 3
219.16 3
219.18 3
219.20 3
219.22 3
219.24 4
219.26 4
219.28 4
219.30 4
219.32 4
219.34 4
219.36 4
219.38 4
219.40 4
219.42 4
219.44 4
219.46 4
219.48 4
219.50 4
219.52 4
219.54 4
219.56 4
219.58 4
219.60 4
219.62 4
219.64 4
219.66 4
219.68 4
219.70 1
219.72 1
219.74 1
219.76 1
219.78 1
219.80 1
219.82 1
219.84 1
219.86 1
219.88 1
219.90 1
219.92 1
219.94 1
219.96 1
219.98 1
220.00 1
220.02 1
220.04 1
220.06 1
220.08 1
220.10 1
220.12 1
220.14 1
220.16 2
220.18 2
220.20 2
220.22 2
220.24 2
220.26 2
220.28 2
220.30 2
220.32 2
220.34 2
220.36 2
220.38 2
220.40 2
220.42 2
220.44 2
220.46 2
220.48 2
220.50 2
220.52 2
220.54 2
220.56 2
220.58 2
220.60 2
220.62 3
220.64 3
220.66 3
220.68 3
220.70 3
220.72 3
220.74 3
220.76 3
220.78 3
220.80 3
220.82 3
220.84 3
220.86 3
220.88 3
220.90 3
220.92 3
220.94 3
220.96 3
220.98 3
221.00 3
221.02 3
221.04 3
221.06 3
221.08 4
221.10 4
221.12 4
221.14 4
221.16 4
221.18 4
221.20 4
221.22 4
221.24 4
221.26 4
221.28 4
221.30 4
221.32 4
221.34 4
221.36 4
221.38 4
221.40 4
221.42 4
221.44 4
221.46 4
221.48 4
221.50 4
221.52 4
221.54 1
221.56 1
221.58 1
221.60 1
221.62 1
221.64 1
221.66 1
221.68 1
221.70 1
221.72 1
221.74 1
221.76 1
221.78 1
221.80 1
221.82 1
221.84 1
221.86 1
221.88 1
221.90 1
221.92 1
221.94 1
221.96 1
221.98 1
222.00 2
222.02 2
222.04 2
222.06 2
222.08 2
222.10 2
222.12 2
222.14 2
222.16 2
222.18 2
222.20 2
222.22 2
222.24 2
222.26 2
222.28 2
222.30 2
222.32 2
222.34 2
222.36 2
222.38 2
222.40 2
222.42 2
222.44 2
222.46 2
222.48 3
222.50 3
222.52 3
222.54 3
222.56 3
222.58 3
222.60 3
222.62 3
222.64 3
222.66 3
222.68 3
222.70 3
222.72 3
222.74 3
222.76 3
222.78 3
222.80 3
222.82 3
222.84 3
222.86 3
222.88 3
222.90 3
222.92 3
222.94 4
222.96 4
222.98 4
223.00 4
223.02 4
223.04 4
223.06 4
223.08 4
223.10 4
223.12 4
223.14 4
223.16 4
223.18 4
223.20 4
223.22 4
223.24 4
223.26 4
223.28 4
223.30 4
223.32 4
223.34 4
223.36 4
223.38 4
223.40 1
223.42 1
223.44 1
223.46 1
223.48 1
223.50 1
223.52 1
223.54 1
223.56 1
223.58 1
223.60 1
223.62 1
223.64 1
223.66 1
223.68 1
223.70 1
223.72 1
223.74 1
223.76 1
223.78 1
223.80 1
223.82 1
223.84 1
223.86 2
223.88 2
223.90 2
223.92 2
223.94 2
223.96 2
223.98 2
224.00 2
224.02 2
224.04 2
224.06 2
224.08 2
224.10 2
224.12 2
224.14 2
224.16 2
224.18 2
224.20 2
224.22 2
224.24 2
224.26 2
224.28 2
224.30 2
224.32 3
224.34 3
224.36 3
224.38 3
224.40 3
224.42 3
224.44 3
224.46 3
224.48 3
224.50 3
224.52 3
224.54 3
224.56 3
224.58 3
224.60 3
224.62 3
224.64 3
224.66 3
224.68 3
224.70 3
224.72 3
224.74 3
224.76 3
224.78 4
224.80 4
224.82 4
224.84 4
224.86 4
224.88 4
224.90 4
224.92 4
224.94 4
224.96 4
224.98 4
225.00 4
225.02 4
225.04 4
225.06 4
225.08 4
225.10 4
225.12 4
225.14 4
225.16 4
225.18 4
225.20 4
225.22 4
225.24 1
225.26 1
225.28 1
225.30 1
225.32 1
225.34 1
225.36 1
225.38 1
225.40 1
225.42 1
225.44 1
225.46 1
225.48 1
225.50 1
225.52 1
225.54 1
225.56 1
225.58 1
225.60 1
225.62 1
225.64 1
225.66 1
225.68 1
225.70 2
225.72 2
225.74 2
225.76 2
225.78 2
225.80 2
225.82 2
225.84 2
225.86 2
225.88 2
225.90 2
225.92 2
225.94 2
225.96 2
225.98 2
226.00 2
226.02 2
226.04 2
226.06 2
226.08 2
226.10 2
226.12 2
226.14 2
226.16 3
226.18 3
226.20 3
226.22 3
226.24 3
226.26 3
226.28 3
226.30 3
226.32 3
226.34 3
226.36 3
226.38 3
226.40 3
226.42 3
226.44 3
226.46 3
226.48 3
226.50 3
226.52 3
226.54 3
226.56 3
226.58 3
226.60 3
226.62 4
226.64 4
226.66 4
226.68 4
226.70 4
226.72 4
226.74 4
226.76 4
226.78 4
226.80 4
226.82 4
226.84 4
226.86 4
226.88 4
226.90 4
226.92 4
226.94 4
226.96 4
226.98 4
227.00 4
227.02 4
227.04 4
227.06 4
227.08 1
227.10 1
227.12 1
227.14 1
227.16 1
227.18 1
227.20 1
227.22 1
227.24 1
227.26 1
227.28 1
227.30 1
227.32 1
227.34 1
227.36 1
227.38 1
227.40 1
227.42 1
227.44 1
227.46 1
227.48 1
227.50 1
227.52 1
227.54 2
227.56 2
227.58 2
227.60 2
227.62 2
227.64 2
227.66 2
227.68 2
227.70 2
227.72 2
227.74 2
227.76 2
227.78 2
227.80 2
227.82 2
227.84 2
227.86 2
227.88 2
227.90 2
227.92 2
227.94 2
227.96 2
227.98 2
228.00 3
228.02 3
228.04 3
228.06 3
228.08 3
228.10 3
228.12 3
228.14 3
228.16 3
228.18 3
228.20 3
228.22 3
228.24 3
228.26 3
228.28 3
228.30 3
228.32 3
228.34 3
228.36 3
228.38 3
228.40 3
228.42 3
228.44 3
228.46 3
228.48 4
228.50 4
228.52 4
228.54 4
228.56 4
228.58 4
228.60 4
228.62 4
228.64 4
228.66 4
228.68 4
228.70 4
228.72 4
228.74 4
228.76 4
228.78 4
228.80 4
228.82 4
228.84 4
228.86 4
228.88 4
228.90 4
228.92 4
228.94 1
228.96 1
228.98 1
229.00 1
229.02 1
229.04 1
229.06 1
229.08 1
229.10 1
229.12 1
229.14 1
229.16 1
229.18 1
229.20 1
229.22 1
229.24 1
229.26 1
229.28 1
229.30 1
229.32 1
229.34 1
229.36 1
229.38 1
229.40 2
229.42 2
229.44 2
229.46 2
229.48 2
229.50 2
229.52 2
229.54 2
229.56 2
229.58 2
229.60 2
229.62 2
229.64 2
229.66 2
229.68 2
229.70 2
229.72 2
229.74 2
229.76 2
229.78 2
229.80 2
229.82 2
229.84 2
229.86 2
229.88 2
229.90 2
229.92 2
229.94 2
229.96 2
