0 0
0.050608 0.056372
0.050608 0.056372
0.050607 0.056373
0.050608 0.056372
0.050608 0.056372
0.050608 0.056372
0.050608 0.056372
0.05061 0.056372
0.05061 0.056372
0.05061 0.056372
0.050603 0.056373
0.050603 0.056373
0.050603 0.056373
0.050603 0.056373
0.05061 0.056373
0.05061 0.056373
0.05061 0.056373
0.050606 0.056375
0.050606 0.056375
0.050606 0.056375
0.050606 0.056375
0.050611 0.056372
0.050611 0.056372
0.050611 0.056372
0.050607 0.056355
0.050607 0.056355
0.050607 0.056355
0.050607 0.056355
0.050608 0.056373
0.050608 0.056373
0.050608 0.056373
0.050615 0.056375
0.050615 0.056375
0.050615 0.056375
0.050615 0.056375
0.050607 0.056372
0.050607 0.056372
0.050607 0.056372
0.050607 0.056373
0.050607 0.056373
0.050607 0.056373
0.050607 0.056373
0.050607 0.056369
0.050607 0.056369
0.050607 0.056369
0.050606 0.056376
0.050606 0.056376
0.050606 0.056376
0.050606 0.056376
0.0506 0.056371
0.0506 0.056371
0.0506 0.056371
0.050606 0.056375
0.050606 0.056375
0.050606 0.056375
0.050606 0.056375
0.050601 0.056372
0.050601 0.056372
0.050601 0.056372
0.050606 0.056371
0.050606 0.056371
0.050606 0.056371
0.050606 0.056371
0.050604 0.056373
0.050604 0.056373
0.050604 0.056373
0.050606 0.056371
0.050606 0.056371
0.050606 0.056371
0.050606 0.056371
0.050603 0.056372
0.050603 0.056372
0.050603 0.056372
0.050603 0.056371
0.050603 0.056371
0.050603 0.056371
0.050603 0.056371
0.050603 0.056372
0.050603 0.056372
0.050603 0.056372
0.050607 0.056373
0.050607 0.056373
0.050607 0.056373
0.050607 0.056373
0.050607 0.056371
0.050607 0.056371
0.050607 0.056371
0.050607 0.056373
0.050607 0.056373
0.050607 0.056373
0.050607 0.056373
0.05061 0.056373
0.05061 0.056373
0.05061 0.056373
0.050604 0.056371
0.050604 0.056371
0.050604 0.056371
0.050604 0.056371
0.050603 0.056372
0.050603 0.056372
0.050603 0.056372
0.050607 0.056371
0.050607 0.056371
0.050607 0.056371
0.050607 0.056371
0.0506 0.056372
0.0506 0.056372
0.0506 0.056372
0.050603 0.056372
0.050603 0.056372
0.050603 0.056372
0.050603 0.056372
0.05061 0.056372
0.05061 0.056372
0.05061 0.056372
0.05061 0.056372
0.05061 0.056372
0.05061 0.056372
0.05061 0.056372
0.050608 0.056368
0.050608 0.056368
0.050608 0.056368
0.050604 0.056373
0.050604 0.056373
0.050604 0.056373
0.050604 0.056373
0.05061 0.056371
0.05061 0.056371
0.05061 0.056371
0.05061 0.056372
0.05061 0.056372
0.05061 0.056372
0.05061 0.056372
0.050604 0.056373
0.050604 0.056373
0.050604 0.056373
0.050601 0.056372
0.050601 0.056372
0.050601 0.056372
0.050601 0.056372
0.050606 0.056372
0.050606 0.056372
0.050606 0.056372
0.050606 0.056373
0.050606 0.056373
0.050606 0.056373
0.050606 0.056373
0.050611 0.056372
0.050611 0.056372
0.050611 0.056372
0.050601 0.056373
0.050601 0.056373
0.050601 0.056373
0.050601 0.056373
0.05061 0.056371
0.05061 0.056371
0.05061 0.056371
0.050603 0.056372
0.050603 0.056372
0.050603 0.056372
0.050603 0.056372
0.050608 0.056372
0.050608 0.056372
0.050608 0.056372
0.050608 0.056372
0.050608 0.056372
0.050608 0.056372
0.050608 0.056372
0.050603 0.056373
0.050603 0.056373
0.050603 0.056373
0.050603 0.056373
0.050603 0.056373
0.050603 0.056373
0.050603 0.056373
0.050604 0.056365
0.050604 0.056365
0.050604 0.056365
0.050604 0.056373
0.050604 0.056373
0.050604 0.056373
0.050604 0.056373
0.050607 0.056373
0.050607 0.056373
0.050607 0.056373
0.05061 0.056372
0.05061 0.056372
0.05061 0.056372
0.05061 0.056372
0.050596 0.056369
0.050596 0.056369
0.050596 0.056369
0.050617 0.056372
0.050617 0.056372
0.050617 0.056372
0.050617 0.056372
0.050607 0.056371
0.050607 0.056371
0.050607 0.056371
0.050603 0.056375
0.050603 0.056375
0.050603 0.056375
0.050603 0.056375
0.05061 0.056377
0.05061 0.056377
0.05061 0.056377
0.050606 0.056373
0.050606 0.056373
0.050606 0.056373
0.050606 0.056373
0.050608 0.056365
0.050608 0.056365
0.050608 0.056365
0.050606 0.056382
0.050606 0.056382
0.050606 0.056382
0.050606 0.056382
0.050601 0.056372
0.050601 0.056372
0.050601 0.056372
0.0506 0.056375
0.0506 0.056375
0.0506 0.056375
0.0506 0.056375
0.050603 0.056371
0.050603 0.056371
0.050603 0.056371
0.050604 0.056375
0.050604 0.056375
0.050604 0.056375
0.050604 0.056375
0.050608 0.056372
0.050608 0.056372
0.050608 0.056372
0.050604 0.056373
0.050604 0.056373
0.050604 0.056373
0.050604 0.056373
0.050608 0.056373
0.050608 0.056373
0.050608 0.056373
0.050607 0.056373
0.050607 0.056373
0.050607 0.056373
0.050607 0.056373
0.050607 0.056372
0.050607 0.056372
0.050607 0.056372
0.050607 0.056373
0.050607 0.056373
0.050607 0.056373
0.050607 0.056373
0.05061 0.056372
0.05061 0.056372
0.05061 0.056372
0.050606 0.056372
0.050606 0.056372
0.050606 0.056372
0.050606 0.056372
0.050606 0.056373
0.050606 0.056373
0.050606 0.056373
0.050608 0.056377
0.050608 0.056377
0.050608 0.056377
0.050608 0.056377
0.050608 0.056366
0.050608 0.056366
0.050608 0.056366
0.050608 0.056369
0.050608 0.056369
0.050608 0.056369
0.050608 0.056369
0.050606 0.05638
0.050606 0.05638
0.050606 0.05638
0.050607 0.056371
0.050607 0.056371
0.050607 0.056371
0.050607 0.056371
0.050606 0.056373
0.050606 0.056373
0.050606 0.056373
0.050606 0.056373
0.050606 0.056373
0.050606 0.056373
0.050606 0.056373
0.05059 0.056372
0.05059 0.056372
0.05059 0.056372
