0 0
0.042866 0.39845
0.042866 0.39845
0.042864 0.398421
0.042857 0.398421
0.042857 0.398421
0.042857 0.398421
0.042857 0.398421
0.0429 0.398423
0.0429 0.398423
0.0429 0.398423
0.042862 0.398423
0.042862 0.398423
0.042862 0.398423
0.042862 0.398423
0.042866 0.398424
0.042866 0.398424
0.042866 0.398424
0.042867 0.398423
0.042867 0.398423
0.042867 0.398423
0.042867 0.398423
0.042866 0.398424
0.042866 0.398424
0.042866 0.398424
0.042866 0.398429
0.042866 0.398429
0.042866 0.398429
0.042866 0.398429
0.042862 0.398423
0.042862 0.398423
0.042862 0.398423
0.042864 0.398419
0.042864 0.398419
0.042864 0.398419
0.042864 0.398419
0.042862 0.398424
0.042862 0.398424
0.042862 0.398424
0.042862 0.398423
0.042862 0.398423
0.042862 0.398423
0.042862 0.398423
0.042867 0.398421
0.042867 0.398421
0.042867 0.398421
0.042866 0.398424
0.042866 0.398424
0.042866 0.398424
0.042866 0.398424
0.042864 0.398419
0.042864 0.398419
0.042864 0.398419
0.042862 0.398423
0.042862 0.398423
0.042862 0.398423
0.042862 0.398423
0.042864 0.398419
0.042864 0.398419
0.042864 0.398419
0.042843 0.398424
0.042843 0.398424
0.042843 0.398424
0.042843 0.398424
0.042864 0.398423
0.042864 0.398423
0.042864 0.398423
0.042862 0.398423
0.042862 0.398423
0.042862 0.398423
0.042862 0.398423
0.042862 0.398419
0.042862 0.398419
0.042862 0.398419
0.042866 0.398423
0.042866 0.398423
0.042866 0.398423
0.042866 0.398423
0.042864 0.398419
0.042864 0.398419
0.042864 0.398419
0.042866 0.398419
0.042866 0.398419
0.042866 0.398419
0.042866 0.398419
0.042864 0.398431
0.042864 0.398431
0.042864 0.398431
0.042866 0.398421
0.042866 0.398421
0.042866 0.398421
0.042866 0.398421
0.042869 0.398424
0.042869 0.398424
0.042869 0.398424
0.042867 0.398421
0.042867 0.398421
0.042867 0.398421
0.042867 0.398421
0.042862 0.398423
0.042862 0.398423
0.042862 0.398423
0.042864 0.39841
0.042864 0.39841
0.042864 0.39841
0.042864 0.39841
0.042867 0.398423
0.042867 0.398423
0.042867 0.398423
0.042866 0.398423
0.042866 0.398423
0.042866 0.398423
0.042866 0.398423
0.042862 0.398421
0.042862 0.398421
0.042862 0.398421
0.042901 0.398423
0.042901 0.398423
0.042901 0.398423
0.042901 0.398423
0.042862 0.398421
0.042862 0.398421
0.042862 0.398421
0.042867 0.398423
0.042867 0.398423
0.042867 0.398423
0.042867 0.398423
0.042862 0.398415
0.042862 0.398415
0.042862 0.398415
0.042869 0.398424
0.042869 0.398424
0.042869 0.398424
0.042869 0.398424
0.042866 0.398423
0.042866 0.398423
0.042866 0.398423
0.042864 0.398432
0.042864 0.398432
0.042864 0.398432
0.042864 0.398432
0.042861 0.398423
0.042861 0.398423
0.042861 0.398423
0.042866 0.398423
0.042866 0.398423
0.042866 0.398423
0.042866 0.398423
0.042867 0.398423
0.042867 0.398423
0.042867 0.398423
0.042867 0.398423
0.042864 0.398423
0.042864 0.398423
0.042864 0.398423
0.042864 0.398416
0.042864 0.398416
0.042864 0.398416
0.042867 0.398421
0.042867 0.398421
0.042867 0.398421
0.042867 0.398421
0.042864 0.398421
0.042864 0.398421
0.042864 0.398421
0.042861 0.398423
0.042861 0.398423
0.042861 0.398423
0.042861 0.398423
0.042862 0.398423
0.042862 0.398423
0.042862 0.398423
0.042867 0.398424
0.042867 0.398424
0.042867 0.398424
0.042867 0.398424
0.042864 0.398423
0.042864 0.398423
0.042864 0.398423
0.042869 0.398432
0.042869 0.398432
0.042869 0.398432
0.042869 0.398432
0.042864 0.398423
0.042864 0.398423
0.042864 0.398423
0.042866 0.398434
0.042866 0.398434
0.042866 0.398434
0.042866 0.398434
0.042869 0.398419
0.042869 0.398419
0.042869 0.398419
0.042867 0.398423
0.042867 0.398423
0.042867 0.398423
0.042867 0.398423
0.042867 0.398423
0.042867 0.398423
0.042867 0.398423
0.042864 0.398426
0.042864 0.398426
0.042864 0.398426
0.042864 0.398426
0.042864 0.398418
0.042864 0.398418
0.042864 0.398418
0.042866 0.398421
0.042866 0.398421
0.042866 0.398421
0.042866 0.398421
0.042864 0.398432
0.042864 0.398432
0.042864 0.398432
0.042862 0.398432
0.042862 0.398432
0.042862 0.398432
0.042862 0.398432
0.042866 0.398423
0.042866 0.398423
0.042866 0.398423
0.042862 0.398423
0.042862 0.398423
0.042862 0.398423
0.042862 0.398423
0.042866 0.398423
0.042866 0.398423
0.042866 0.398423
0.042866 0.398423
0.042866 0.398419
0.042866 0.398419
0.042866 0.398419
0.042864 0.398416
0.042864 0.398416
0.042864 0.398416
0.042866 0.398424
0.042866 0.398424
0.042866 0.398424
0.042866 0.398424
0.042864 0.398424
0.042864 0.398424
0.042864 0.398424
0.042864 0.398424
0.042864 0.398426
0.042864 0.398426
0.042864 0.398426
0.042861 0.398423
0.042861 0.398423
0.042861 0.398423
0.042864 0.398427
0.042864 0.398427
0.042864 0.398427
0.042864 0.398427
0.042867 0.398427
0.042867 0.398427
0.042867 0.398427
0.042866 0.398421
0.042866 0.398421
0.042866 0.398421
0.042866 0.398421
0.042866 0.398452
0.042866 0.398452
0.042866 0.398452
0.042866 0.398452
0.042866 0.398426
0.042866 0.398426
0.042866 0.398426
0.042866 0.398424
0.042866 0.398424
0.042866 0.398424
0.042864 0.398423
0.042864 0.398423
0.042864 0.398423
0.042864 0.398423
0.042866 0.398423
0.042866 0.398423
0.042866 0.398423
0.042843 0.398421
0.042843 0.398421
0.042843 0.398421
0.042843 0.398421
0.042864 0.398423
0.042864 0.398423
0.042864 0.398423
0.042861 0.398424
0.042861 0.398424
0.042861 0.398424
0.042861 0.398424
0.042862 0.398424
0.042862 0.398424
0.042862 0.398424
0.042866 0.398423
0.042866 0.398423
0.042866 0.398423
0.042866 0.398423
0.04287 0.398419
0.04287 0.398419
0.04287 0.398419
0.042869 0.398424
0.042869 0.398424
0.042869 0.398424
0.042869 0.398424
0.042867 0.398421
0.042867 0.398421
0.042867 0.398421
0.042867 0.398421
