0 0
0.045873 -0.845287
0.045873 -0.845287
0.045871 -0.845285
0.045873 -0.845287
0.045873 -0.845287
0.045873 -0.845287
0.045873 -0.845287
0.045874 -0.845287
0.045874 -0.845287
0.045874 -0.845287
0.045867 -0.845285
0.045867 -0.845285
0.045867 -0.845285
0.045867 -0.845285
0.045874 -0.845285
0.045874 -0.845285
0.045874 -0.845285
0.04587 -0.845284
0.04587 -0.845284
0.04587 -0.845284
0.04587 -0.845284
0.045876 -0.845287
0.045876 -0.845287
0.045876 -0.845287
0.045871 -0.845303
0.045871 -0.845303
0.045871 -0.845303
0.045871 -0.845303
0.045873 -0.845285
0.045873 -0.845285
0.045873 -0.845285
0.04588 -0.845284
0.04588 -0.845284
0.04588 -0.845284
0.04588 -0.845284
0.045871 -0.845287
0.045871 -0.845287
0.045871 -0.845287
0.045871 -0.845285
0.045871 -0.845285
0.045871 -0.845285
0.045871 -0.845285
0.045871 -0.845289
0.045871 -0.845289
0.045871 -0.845289
0.04587 -0.845283
0.04587 -0.845283
0.04587 -0.845283
0.04587 -0.845283
0.045864 -0.845288
0.045864 -0.845288
0.045864 -0.845288
0.04587 -0.845284
0.04587 -0.845284
0.04587 -0.845284
0.04587 -0.845284
0.045866 -0.845287
0.045866 -0.845287
0.045866 -0.845287
0.04587 -0.845288
0.04587 -0.845288
0.04587 -0.845288
0.04587 -0.845288
0.045869 -0.845285
0.045869 -0.845285
0.045869 -0.845285
0.04587 -0.845288
0.04587 -0.845288
0.04587 -0.845288
0.04587 -0.845288
0.045867 -0.845287
0.045867 -0.845287
0.045867 -0.845287
0.045867 -0.845288
0.045867 -0.845288
0.045867 -0.845288
0.045867 -0.845288
0.045867 -0.845287
0.045867 -0.845287
0.045867 -0.845287
0.045871 -0.845285
0.045871 -0.845285
0.045871 -0.845285
0.045871 -0.845285
0.045871 -0.845288
0.045871 -0.845288
0.045871 -0.845288
0.045871 -0.845285
0.045871 -0.845285
0.045871 -0.845285
0.045871 -0.845285
0.045874 -0.845285
0.045874 -0.845285
0.045874 -0.845285
0.045869 -0.845288
0.045869 -0.845288
0.045869 -0.845288
0.045869 -0.845288
0.045867 -0.845287
0.045867 -0.845287
0.045867 -0.845287
0.045871 -0.845288
0.045871 -0.845288
0.045871 -0.845288
0.045871 -0.845288
0.045864 -0.845287
0.045864 -0.845287
0.045864 -0.845287
0.045867 -0.845287
0.045867 -0.845287
0.045867 -0.845287
0.045867 -0.845287
0.045874 -0.845287
0.045874 -0.845287
0.045874 -0.845287
0.045874 -0.845287
0.045874 -0.845287
0.045874 -0.845287
0.045874 -0.845287
0.045873 -0.845291
0.045873 -0.845291
0.045873 -0.845291
0.045869 -0.845285
0.045869 -0.845285
0.045869 -0.845285
0.045869 -0.845285
0.045874 -0.845288
0.045874 -0.845288
0.045874 -0.845288
0.045874 -0.845287
0.045874 -0.845287
0.045874 -0.845287
0.045874 -0.845287
0.045869 -0.845285
0.045869 -0.845285
0.045869 -0.845285
0.045866 -0.845287
0.045866 -0.845287
0.045866 -0.845287
0.045866 -0.845287
0.04587 -0.845287
0.04587 -0.845287
0.04587 -0.845287
0.04587 -0.845285
0.04587 -0.845285
0.04587 -0.845285
0.04587 -0.845285
0.045876 -0.845287
0.045876 -0.845287
0.045876 -0.845287
0.045866 -0.845285
0.045866 -0.845285
0.045866 -0.845285
0.045866 -0.845285
0.045874 -0.845288
0.045874 -0.845288
0.045874 -0.845288
0.045867 -0.845287
0.045867 -0.845287
0.045867 -0.845287
0.045867 -0.845287
0.045873 -0.845287
0.045873 -0.845287
0.045873 -0.845287
0.045873 -0.845287
0.045873 -0.845287
0.045873 -0.845287
0.045873 -0.845287
0.045867 -0.845285
0.045867 -0.845285
0.045867 -0.845285
0.045867 -0.845285
0.045867 -0.845285
0.045867 -0.845285
0.045867 -0.845285
0.045869 -0.845294
0.045869 -0.845294
0.045869 -0.845294
0.045869 -0.845285
0.045869 -0.845285
0.045869 -0.845285
0.045869 -0.845285
0.045871 -0.845285
0.045871 -0.845285
0.045871 -0.845285
0.045874 -0.845287
0.045874 -0.845287
0.045874 -0.845287
0.045874 -0.845287
0.04586 -0.845289
0.04586 -0.845289
0.04586 -0.845289
0.045881 -0.845287
0.045881 -0.845287
0.045881 -0.845287
0.045881 -0.845287
0.045871 -0.845288
0.045871 -0.845288
0.045871 -0.845288
0.045867 -0.845284
0.045867 -0.845284
0.045867 -0.845284
0.045867 -0.845284
0.045874 -0.845281
0.045874 -0.845281
0.045874 -0.845281
0.04587 -0.845285
0.04587 -0.845285
0.04587 -0.845285
0.04587 -0.845285
0.045873 -0.845294
0.045873 -0.845294
0.045873 -0.845294
0.04587 -0.845277
0.04587 -0.845277
0.04587 -0.845277
0.04587 -0.845277
0.045866 -0.845287
0.045866 -0.845287
0.045866 -0.845287
0.045864 -0.845284
0.045864 -0.845284
0.045864 -0.845284
0.045864 -0.845284
0.045867 -0.845288
0.045867 -0.845288
0.045867 -0.845288
0.045869 -0.845284
0.045869 -0.845284
0.045869 -0.845284
0.045869 -0.845284
0.045873 -0.845287
0.045873 -0.845287
0.045873 -0.845287
0.045869 -0.845285
0.045869 -0.845285
0.045869 -0.845285
0.045869 -0.845285
0.045873 -0.845285
0.045873 -0.845285
0.045873 -0.845285
0.045871 -0.845285
0.045871 -0.845285
0.045871 -0.845285
0.045871 -0.845285
0.045871 -0.845287
0.045871 -0.845287
0.045871 -0.845287
0.045871 -0.845285
0.045871 -0.845285
0.045871 -0.845285
0.045871 -0.845285
0.045874 -0.845287
0.045874 -0.845287
0.045874 -0.845287
0.04587 -0.845287
0.04587 -0.845287
0.04587 -0.845287
0.04587 -0.845287
0.04587 -0.845285
0.04587 -0.845285
0.04587 -0.845285
0.045873 -0.845281
0.045873 -0.845281
0.045873 -0.845281
0.045873 -0.845281
0.045873 -0.845292
0.045873 -0.845292
0.045873 -0.845292
0.045873 -0.845289
0.045873 -0.845289
0.045873 -0.845289
0.045873 -0.845289
0.04587 -0.845278
0.04587 -0.845278
0.04587 -0.845278
0.045871 -0.845288
0.045871 -0.845288
0.045871 -0.845288
0.045871 -0.845288
0.04587 -0.845285
0.04587 -0.845285
0.04587 -0.845285
0.04587 -0.845285
0.04587 -0.845285
0.04587 -0.845285
0.04587 -0.845285
0.045855 -0.845287
0.045855 -0.845287
0.045855 -0.845287
