0 0
0.043359 0.956253
0.043359 0.956253
0.043358 0.956255
0.043359 0.956253
0.043359 0.956253
0.043359 0.956253
0.043359 0.956253
0.043361 0.956253
0.043361 0.956253
0.043361 0.956253
0.043354 0.956255
0.043354 0.956255
0.043354 0.956255
0.043354 0.956255
0.043361 0.956255
0.043361 0.956255
0.043361 0.956255
0.043357 0.956256
0.043357 0.956256
0.043357 0.956256
0.043357 0.956256
0.043362 0.956253
0.043362 0.956253
0.043362 0.956253
0.043358 0.956237
0.043358 0.956237
0.043358 0.956237
0.043358 0.956237
0.043359 0.956255
0.043359 0.956255
0.043359 0.956255
0.043366 0.956256
0.043366 0.956256
0.043366 0.956256
0.043366 0.956256
0.043358 0.956253
0.043358 0.956253
0.043358 0.956253
0.043358 0.956255
0.043358 0.956255
0.043358 0.956255
0.043358 0.956255
0.043358 0.95625
0.043358 0.95625
0.043358 0.95625
0.043357 0.956257
0.043357 0.956257
0.043357 0.956257
0.043357 0.956257
0.043351 0.956252
0.043351 0.956252
0.043351 0.956252
0.043357 0.956256
0.043357 0.956256
0.043357 0.956256
0.043357 0.956256
0.043352 0.956253
0.043352 0.956253
0.043352 0.956253
0.043357 0.956252
0.043357 0.956252
0.043357 0.956252
0.043357 0.956252
0.043355 0.956255
0.043355 0.956255
0.043355 0.956255
0.043357 0.956252
0.043357 0.956252
0.043357 0.956252
0.043357 0.956252
0.043354 0.956253
0.043354 0.956253
0.043354 0.956253
0.043354 0.956252
0.043354 0.956252
0.043354 0.956252
0.043354 0.956252
0.043354 0.956253
0.043354 0.956253
0.043354 0.956253
0.043358 0.956255
0.043358 0.956255
0.043358 0.956255
0.043358 0.956255
0.043358 0.956252
0.043358 0.956252
0.043358 0.956252
0.043358 0.956255
0.043358 0.956255
0.043358 0.956255
0.043358 0.956255
0.043361 0.956255
0.043361 0.956255
0.043361 0.956255
0.043355 0.956252
0.043355 0.956252
0.043355 0.956252
0.043355 0.956252
0.043354 0.956253
0.043354 0.956253
0.043354 0.956253
0.043358 0.956252
0.043358 0.956252
0.043358 0.956252
0.043358 0.956252
0.043351 0.956253
0.043351 0.956253
0.043351 0.956253
0.043354 0.956253
0.043354 0.956253
0.043354 0.956253
0.043354 0.956253
0.043361 0.956253
0.043361 0.956253
0.043361 0.956253
0.043361 0.956253
0.043361 0.956253
0.043361 0.956253
0.043361 0.956253
0.043359 0.956249
0.043359 0.956249
0.043359 0.956249
0.043355 0.956255
0.043355 0.956255
0.043355 0.956255
0.043355 0.956255
0.043361 0.956252
0.043361 0.956252
0.043361 0.956252
0.043361 0.956253
0.043361 0.956253
0.043361 0.956253
0.043361 0.956253
0.043355 0.956255
0.043355 0.956255
0.043355 0.956255
0.043352 0.956253
0.043352 0.956253
0.043352 0.956253
0.043352 0.956253
0.043357 0.956253
0.043357 0.956253
0.043357 0.956253
0.043357 0.956255
0.043357 0.956255
0.043357 0.956255
0.043357 0.956255
0.043362 0.956253
0.043362 0.956253
0.043362 0.956253
0.043352 0.956255
0.043352 0.956255
0.043352 0.956255
0.043352 0.956255
0.043361 0.956252
0.043361 0.956252
0.043361 0.956252
0.043354 0.956253
0.043354 0.956253
0.043354 0.956253
0.043354 0.956253
0.043359 0.956253
0.043359 0.956253
0.043359 0.956253
0.043359 0.956253
0.043359 0.956253
0.043359 0.956253
0.043359 0.956253
0.043354 0.956255
0.043354 0.956255
0.043354 0.956255
0.043354 0.956255
0.043354 0.956255
0.043354 0.956255
0.043354 0.956255
0.043355 0.956246
0.043355 0.956246
0.043355 0.956246
0.043355 0.956255
0.043355 0.956255
0.043355 0.956255
0.043355 0.956255
0.043358 0.956255
0.043358 0.956255
0.043358 0.956255
0.043361 0.956253
0.043361 0.956253
0.043361 0.956253
0.043361 0.956253
0.043347 0.95625
0.043347 0.95625
0.043347 0.95625
0.043368 0.956253
0.043368 0.956253
0.043368 0.956253
0.043368 0.956253
0.043358 0.956252
0.043358 0.956252
0.043358 0.956252
0.043354 0.956256
0.043354 0.956256
0.043354 0.956256
0.043354 0.956256
0.043361 0.956259
0.043361 0.956259
0.043361 0.956259
0.043357 0.956255
0.043357 0.956255
0.043357 0.956255
0.043357 0.956255
0.043359 0.956246
0.043359 0.956246
0.043359 0.956246
0.043357 0.956263
0.043357 0.956263
0.043357 0.956263
0.043357 0.956263
0.043352 0.956253
0.043352 0.956253
0.043352 0.956253
0.043351 0.956256
0.043351 0.956256
0.043351 0.956256
0.043351 0.956256
0.043354 0.956252
0.043354 0.956252
0.043354 0.956252
0.043355 0.956256
0.043355 0.956256
0.043355 0.956256
0.043355 0.956256
0.043359 0.956253
0.043359 0.956253
0.043359 0.956253
0.043355 0.956255
0.043355 0.956255
0.043355 0.956255
0.043355 0.956255
0.043359 0.956255
0.043359 0.956255
0.043359 0.956255
0.043358 0.956255
0.043358 0.956255
0.043358 0.956255
0.043358 0.956255
0.043358 0.956253
0.043358 0.956253
0.043358 0.956253
0.043358 0.956255
0.043358 0.956255
0.043358 0.956255
0.043358 0.956255
0.043361 0.956253
0.043361 0.956253
0.043361 0.956253
0.043357 0.956253
0.043357 0.956253
0.043357 0.956253
0.043357 0.956253
0.043357 0.956255
0.043357 0.956255
0.043357 0.956255
0.043359 0.956259
0.043359 0.956259
0.043359 0.956259
0.043359 0.956259
0.043359 0.956248
0.043359 0.956248
0.043359 0.956248
0.043359 0.95625
0.043359 0.95625
0.043359 0.95625
0.043359 0.95625
0.043357 0.956262
0.043357 0.956262
0.043357 0.956262
0.043358 0.956252
0.043358 0.956252
0.043358 0.956252
0.043358 0.956252
0.043357 0.956255
0.043357 0.956255
0.043357 0.956255
0.043357 0.956255
0.043357 0.956255
0.043357 0.956255
0.043357 0.956255
0.043341 0.956253
0.043341 0.956253
0.043341 0.956253
