0 0
0.354581 -0.06566
0.354581 -0.06566
0.354579 -0.065689
0.354573 -0.065689
0.354573 -0.065689
0.354573 -0.065689
0.354573 -0.065689
0.354615 -0.065688
0.354615 -0.065688
0.354615 -0.065688
0.354578 -0.065688
0.354578 -0.065688
0.354578 -0.065688
0.354578 -0.065688
0.354581 -0.065686
0.354581 -0.065686
0.354581 -0.065686
0.354582 -0.065688
0.354582 -0.065688
0.354582 -0.065688
0.354582 -0.065688
0.354581 -0.065686
0.354581 -0.065686
0.354581 -0.065686
0.354581 -0.065681
0.354581 -0.065681
0.354581 -0.065681
0.354581 -0.065681
0.354578 -0.065688
0.354578 -0.065688
0.354578 -0.065688
0.354579 -0.065691
0.354579 -0.065691
0.354579 -0.065691
0.354579 -0.065691
0.354578 -0.065686
0.354578 -0.065686
0.354578 -0.065686
0.354578 -0.065688
0.354578 -0.065688
0.354578 -0.065688
0.354578 -0.065688
0.354582 -0.065689
0.354582 -0.065689
0.354582 -0.065689
0.354581 -0.065686
0.354581 -0.065686
0.354581 -0.065686
0.354581 -0.065686
0.354579 -0.065691
0.354579 -0.065691
0.354579 -0.065691
0.354578 -0.065688
0.354578 -0.065688
0.354578 -0.065688
0.354578 -0.065688
0.354579 -0.065691
0.354579 -0.065691
0.354579 -0.065691
0.354558 -0.065686
0.354558 -0.065686
0.354558 -0.065686
0.354558 -0.065686
0.354579 -0.065688
0.354579 -0.065688
0.354579 -0.065688
0.354578 -0.065688
0.354578 -0.065688
0.354578 -0.065688
0.354578 -0.065688
0.354578 -0.065691
0.354578 -0.065691
0.354578 -0.065691
0.354581 -0.065688
0.354581 -0.065688
0.354581 -0.065688
0.354581 -0.065688
0.354579 -0.065691
0.354579 -0.065691
0.354579 -0.065691
0.354581 -0.065691
0.354581 -0.065691
0.354581 -0.065691
0.354581 -0.065691
0.354579 -0.06568
0.354579 -0.06568
0.354579 -0.06568
0.354581 -0.065689
0.354581 -0.065689
0.354581 -0.065689
0.354581 -0.065689
0.354584 -0.065686
0.354584 -0.065686
0.354584 -0.065686
0.354582 -0.065689
0.354582 -0.065689
0.354582 -0.065689
0.354582 -0.065689
0.354578 -0.065688
0.354578 -0.065688
0.354578 -0.065688
0.354579 -0.065701
0.354579 -0.065701
0.354579 -0.065701
0.354579 -0.065701
0.354582 -0.065688
0.354582 -0.065688
0.354582 -0.065688
0.354581 -0.065688
0.354581 -0.065688
0.354581 -0.065688
0.354581 -0.065688
0.354578 -0.065689
0.354578 -0.065689
0.354578 -0.065689
0.354616 -0.065688
0.354616 -0.065688
0.354616 -0.065688
0.354616 -0.065688
0.354578 -0.065689
0.354578 -0.065689
0.354578 -0.065689
0.354582 -0.065688
0.354582 -0.065688
0.354582 -0.065688
0.354582 -0.065688
0.354578 -0.065696
0.354578 -0.065696
0.354578 -0.065696
0.354584 -0.065686
0.354584 -0.065686
0.354584 -0.065686
0.354584 -0.065686
0.354581 -0.065688
0.354581 -0.065688
0.354581 -0.065688
0.354579 -0.065678
0.354579 -0.065678
0.354579 -0.065678
0.354579 -0.065678
0.354576 -0.065688
0.354576 -0.065688
0.354576 -0.065688
0.354581 -0.065688
0.354581 -0.065688
0.354581 -0.065688
0.354581 -0.065688
0.354582 -0.065688
0.354582 -0.065688
0.354582 -0.065688
0.354579 -0.065688
0.354579 -0.065688
0.354579 -0.065688
0.354579 -0.065688
0.354579 -0.065694
0.354579 -0.065694
0.354579 -0.065694
0.354582 -0.065689
0.354582 -0.065689
0.354582 -0.065689
0.354582 -0.065689
0.354579 -0.065689
0.354579 -0.065689
0.354579 -0.065689
0.354576 -0.065688
0.354576 -0.065688
0.354576 -0.065688
0.354576 -0.065688
0.354578 -0.065688
0.354578 -0.065688
0.354578 -0.065688
0.354582 -0.065686
0.354582 -0.065686
0.354582 -0.065686
0.354582 -0.065686
0.354579 -0.065688
0.354579 -0.065688
0.354579 -0.065688
0.354584 -0.065678
0.354584 -0.065678
0.354584 -0.065678
0.354584 -0.065678
0.354579 -0.065688
0.354579 -0.065688
0.354579 -0.065688
0.354581 -0.065676
0.354581 -0.065676
0.354581 -0.065676
0.354581 -0.065676
0.354584 -0.065691
0.354584 -0.065691
0.354584 -0.065691
0.354582 -0.065688
0.354582 -0.065688
0.354582 -0.065688
0.354582 -0.065688
0.354582 -0.065688
0.354582 -0.065688
0.354582 -0.065688
0.354579 -0.065684
0.354579 -0.065684
0.354579 -0.065684
0.354579 -0.065684
0.354579 -0.065693
0.354579 -0.065693
0.354579 -0.065693
0.354581 -0.065689
0.354581 -0.065689
0.354581 -0.065689
0.354581 -0.065689
0.354579 -0.065678
0.354579 -0.065678
0.354579 -0.065678
0.354578 -0.065678
0.354578 -0.065678
0.354578 -0.065678
0.354578 -0.065678
0.354581 -0.065688
0.354581 -0.065688
0.354581 -0.065688
0.354578 -0.065688
0.354578 -0.065688
0.354578 -0.065688
0.354578 -0.065688
0.354581 -0.065688
0.354581 -0.065688
0.354581 -0.065688
0.354581 -0.065691
0.354581 -0.065691
0.354581 -0.065691
0.354581 -0.065691
0.354579 -0.065694
0.354579 -0.065694
0.354579 -0.065694
0.354581 -0.065686
0.354581 -0.065686
0.354581 -0.065686
0.354581 -0.065686
0.354579 -0.065686
0.354579 -0.065686
0.354579 -0.065686
0.354579 -0.065686
0.354579 -0.065684
0.354579 -0.065684
0.354579 -0.065684
0.354576 -0.065688
0.354576 -0.065688
0.354576 -0.065688
0.354579 -0.065683
0.354579 -0.065683
0.354579 -0.065683
0.354579 -0.065683
0.354582 -0.065683
0.354582 -0.065683
0.354582 -0.065683
0.354581 -0.065689
0.354581 -0.065689
0.354581 -0.065689
0.354581 -0.065689
0.354581 -0.065659
0.354581 -0.065659
0.354581 -0.065659
0.354581 -0.065684
0.354581 -0.065684
0.354581 -0.065684
0.354581 -0.065684
0.354581 -0.065686
0.354581 -0.065686
0.354581 -0.065686
0.354579 -0.065688
0.354579 -0.065688
0.354579 -0.065688
0.354579 -0.065688
0.354581 -0.065688
0.354581 -0.065688
0.354581 -0.065688
0.354558 -0.065689
0.354558 -0.065689
0.354558 -0.065689
0.354558 -0.065689
0.354579 -0.065688
0.354579 -0.065688
0.354579 -0.065688
0.354576 -0.065686
0.354576 -0.065686
0.354576 -0.065686
0.354576 -0.065686
0.354578 -0.065686
0.354578 -0.065686
0.354578 -0.065686
0.354581 -0.065688
0.354581 -0.065688
0.354581 -0.065688
0.354581 -0.065688
0.354586 -0.065691
0.354586 -0.065691
0.354586 -0.065691
0.354584 -0.065686
0.354584 -0.065686
0.354584 -0.065686
0.354584 -0.065686
0.354582 -0.065689
0.354582 -0.065689
0.354582 -0.065689
